,0,1,2,3,4,5,6,7,8,9,10,11
0,73.74159292035398,70.56991150442478,74.8516814159292,70.56991150442478,65.49522123893804,74.0587610619469,43.76920353982301,34.41274336283186,41.70761061946902,64.70230088495576,62.48212389380531,65.01946902654866
1,74.21734513274336,70.41132743362832,75.16884955752212,70.0941592920354,65.33663716814159,73.58300884955752,43.76920353982301,34.254159292035396,41.073274336283184,65.17805309734514,62.64070796460177,64.70230088495576
2,74.0587610619469,70.41132743362832,75.80318584070795,69.3012389380531,64.86088495575221,72.94867256637168,43.45203539823009,34.254159292035396,41.39044247787611,64.70230088495576,62.95787610619469,65.33663716814159
3,74.69309734513274,70.41132743362832,75.80318584070795,68.82548672566372,64.38513274336283,72.4729203539823,43.45203539823009,34.41274336283186,41.39044247787611,65.01946902654866,62.95787610619469,65.17805309734514
4,74.8516814159292,70.41132743362832,75.80318584070795,68.50831858407079,64.22654867256638,72.15575221238937,43.610619469026545,34.72991150442478,41.86619469026549,64.86088495575221,62.79929203539823,64.70230088495576
5,74.8516814159292,70.72849557522123,75.80318584070795,68.50831858407079,63.90938053097345,72.31433628318584,43.45203539823009,34.72991150442478,41.86619469026549,64.86088495575221,62.95787610619469,64.70230088495576
6,74.8516814159292,70.56991150442478,76.12035398230088,68.03256637168141,63.59221238938052,71.99716814159292,43.134867256637165,34.88849557522124,41.86619469026549,64.86088495575221,62.64070796460177,64.70230088495576
7,74.8516814159292,70.72849557522123,76.4375221238938,67.87398230088496,63.59221238938052,71.99716814159292,42.34194690265487,34.72991150442478,41.86619469026549,64.22654867256638,62.16495575221239,64.22654867256638
8,75.32743362831859,71.04566371681416,76.27893805309733,67.87398230088496,63.59221238938052,71.67999999999999,41.86619469026549,35.20566371681416,41.86619469026549,64.38513274336283,62.32353982300885,64.22654867256638
9,75.32743362831859,71.20424778761061,76.27893805309733,67.7153982300885,63.43362831858407,71.36283185840708,42.34194690265487,35.52283185840708,41.549026548672565,64.22654867256638,62.16495575221239,64.0679646017699
10,75.6446017699115,70.8870796460177,0.0,67.39823008849558,63.11646017699114,71.04566371681416,42.500530973451326,35.68141592920354,42.34194690265487,63.59221238938052,61.53061946902654,0.0
11,75.6446017699115,71.36283185840708,0.0,67.55681415929203,62.95787610619469,70.8870796460177,42.500530973451326,35.839999999999996,42.500530973451326,63.43362831858407,0.0,0.0
12,75.48601769911504,71.52141592920354,0.0,67.08106194690265,62.64070796460177,70.72849557522123,42.659115044247784,35.99858407079646,0.0,63.75079646017699,0.0,0.0
13,76.12035398230088,71.83858407079646,0.0,67.08106194690265,62.95787610619469,70.72849557522123,42.500530973451326,0.0,0.0,0.0,0.0,0.0
14,75.96176991150442,71.99716814159292,0.0,67.08106194690265,62.64070796460177,70.56991150442478,42.500530973451326,0.0,0.0,0.0,0.0,0.0
15,76.27893805309733,72.15575221238937,0.0,66.76389380530973,62.64070796460177,70.41132743362832,42.659115044247784,0.0,0.0,0.0,0.0,0.0
16,76.12035398230088,72.79008849557522,0.0,66.76389380530973,62.64070796460177,70.41132743362832,42.659115044247784,0.0,0.0,0.0,0.0,0.0
17,76.27893805309733,72.94867256637168,0.0,66.9224778761062,62.79929203539823,70.41132743362832,42.1833628318584,0.0,0.0,0.0,0.0,0.0
18,76.27893805309733,73.10725663716813,0.0,66.9224778761062,62.79929203539823,70.41132743362832,42.1833628318584,0.0,0.0,0.0,0.0,0.0
19,76.12035398230088,0.0,0.0,66.60530973451327,62.48212389380531,69.93557522123893,42.1833628318584,0.0,0.0,0.0,0.0,0.0
20,76.59610619469026,0.0,0.0,66.12955752212389,62.32353982300885,69.93557522123893,41.86619469026549,0.0,0.0,0.0,0.0,0.0
21,76.75469026548672,0.0,0.0,65.81238938053097,62.16495575221239,69.618407079646,41.549026548672565,0.0,0.0,0.0,0.0,0.0
22,77.2304424778761,0.0,0.0,65.97097345132742,62.79929203539823,70.0941592920354,41.073274336283184,0.0,0.0,0.0,0.0,0.0
23,77.38902654867258,0.0,0.0,65.97097345132742,62.32353982300885,70.0941592920354,41.23185840707965,0.0,0.0,0.0,0.0,0.0
24,77.86477876106196,0.0,0.0,65.97097345132742,62.32353982300885,69.77699115044248,40.75610619469027,0.0,0.0,0.0,0.0,0.0
25,0.0,0.0,0.0,65.97097345132742,62.48212389380531,69.77699115044248,40.12176991150442,0.0,0.0,0.0,0.0,0.0
26,0.0,0.0,0.0,66.28814159292035,62.48212389380531,0.0,40.75610619469027,0.0,0.0,0.0,0.0,0.0
27,0.0,0.0,0.0,66.28814159292035,62.32353982300885,0.0,40.5975221238938,0.0,0.0,0.0,0.0,0.0
28,0.0,0.0,0.0,66.60530973451327,62.64070796460177,0.0,40.12176991150442,0.0,0.0,0.0,0.0,0.0
29,0.0,0.0,0.0,66.60530973451327,62.95787610619469,0.0,40.12176991150442,0.0,0.0,0.0,0.0,0.0
30,0.0,0.0,0.0,66.4467256637168,63.27504424778761,0.0,39.963185840707965,0.0,0.0,0.0,0.0,0.0
31,0.0,0.0,0.0,66.76389380530973,63.43362831858407,0.0,39.487433628318584,0.0,0.0,0.0,0.0,0.0
32,0.0,0.0,0.0,67.08106194690265,63.90938053097345,0.0,39.32884955752212,0.0,0.0,0.0,0.0,0.0
33,0.0,0.0,0.0,67.55681415929203,64.0679646017699,0.0,39.17026548672566,0.0,0.0,0.0,0.0,0.0
34,0.0,0.0,0.0,67.7153982300885,64.22654867256638,0.0,39.32884955752212,0.0,0.0,0.0,0.0,0.0
35,0.0,0.0,0.0,68.03256637168141,64.54371681415928,0.0,39.64601769911504,0.0,0.0,0.0,0.0,0.0
36,0.0,0.0,0.0,68.19115044247786,64.70230088495576,0.0,39.32884955752212,0.0,0.0,0.0,0.0,0.0
37,0.0,0.0,0.0,68.50831858407079,64.70230088495576,0.0,39.487433628318584,0.0,0.0,0.0,0.0,0.0
38,0.0,0.0,0.0,68.66690265486724,0.0,0.0,39.32884955752212,0.0,0.0,0.0,0.0,0.0
39,0.0,0.0,0.0,69.14265486725662,0.0,0.0,38.85309734513274,0.0,0.0,0.0,0.0,0.0
40,0.0,0.0,0.0,0.0,0.0,0.0,38.69451327433629,0.0,0.0,0.0,0.0,0.0
41,0.0,0.0,0.0,0.0,0.0,0.0,38.69451327433629,0.0,0.0,0.0,0.0,0.0
42,0.0,0.0,0.0,0.0,0.0,0.0,39.0116814159292,0.0,0.0,0.0,0.0,0.0
43,0.0,0.0,0.0,0.0,0.0,0.0,38.69451327433629,0.0,0.0,0.0,0.0,0.0
44,0.0,0.0,0.0,0.0,0.0,0.0,38.06017699115044,0.0,0.0,0.0,0.0,0.0
45,0.0,0.0,0.0,0.0,0.0,0.0,37.4258407079646,0.0,0.0,0.0,0.0,0.0
46,0.0,0.0,0.0,0.0,0.0,0.0,37.26725663716814,0.0,0.0,0.0,0.0,0.0
47,0.0,0.0,0.0,0.0,0.0,0.0,37.4258407079646,0.0,0.0,0.0,0.0,0.0
48,0.0,0.0,0.0,0.0,0.0,0.0,37.26725663716814,0.0,0.0,0.0,0.0,0.0
49,0.0,0.0,0.0,0.0,0.0,0.0,37.26725663716814,0.0,0.0,0.0,0.0,0.0
50,0.0,0.0,0.0,0.0,0.0,0.0,37.58442477876106,0.0,0.0,0.0,0.0,0.0
51,0.0,0.0,0.0,0.0,0.0,0.0,37.58442477876106,0.0,0.0,0.0,0.0,0.0
52,0.0,0.0,0.0,0.0,0.0,0.0,37.74300884955752,0.0,0.0,0.0,0.0,0.0
53,0.0,0.0,0.0,0.0,0.0,0.0,0.0,0.0,0.0,0.0,0.0,0.0
54,0.0,0.0,0.0,0.0,0.0,0.0,0.0,0.0,0.0,0.0,0.0,0.0
55,0.0,0.0,0.0,0.0,0.0,0.0,0.0,0.0,0.0,0.0,0.0,0.0
56,0.0,0.0,0.0,0.0,0.0,0.0,0.0,0.0,0.0,0.0,0.0,0.0
57,0.0,0.0,0.0,0.0,0.0,0.0,0.0,0.0,0.0,0.0,0.0,0.0
58,0.0,0.0,0.0,0.0,0.0,0.0,0.0,0.0,0.0,0.0,0.0,0.0
59,0.0,0.0,0.0,0.0,0.0,0.0,0.0,0.0,0.0,0.0,0.0,0.0
60,0.0,0.0,0.0,0.0,0.0,0.0,0.0,0.0,0.0,0.0,0.0,0.0
61,0.0,0.0,0.0,0.0,0.0,0.0,0.0,0.0,0.0,0.0,0.0,0.0
62,0.0,0.0,0.0,0.0,0.0,0.0,0.0,0.0,0.0,0.0,0.0,0.0
63,0.0,0.0,0.0,0.0,0.0,0.0,0.0,0.0,0.0,0.0,0.0,0.0
64,0.0,0.0,0.0,0.0,0.0,0.0,0.0,0.0,0.0,0.0,0.0,0.0
65,0.0,0.0,0.0,0.0,0.0,0.0,0.0,0.0,0.0,0.0,0.0,0.0
66,0.0,0.0,0.0,0.0,0.0,0.0,0.0,0.0,0.0,0.0,0.0,0.0
67,0.0,0.0,0.0,0.0,0.0,0.0,0.0,0.0,0.0,0.0,0.0,0.0
68,0.0,0.0,0.0,0.0,0.0,0.0,0.0,0.0,0.0,0.0,0.0,0.0
69,0.0,0.0,0.0,0.0,0.0,0.0,0.0,0.0,0.0,0.0,0.0,0.0
70,0.0,0.0,0.0,0.0,0.0,0.0,0.0,0.0,0.0,0.0,0.0,0.0
71,0.0,0.0,0.0,0.0,0.0,0.0,0.0,0.0,0.0,0.0,0.0,0.0
72,0.0,0.0,0.0,0.0,0.0,0.0,0.0,0.0,0.0,0.0,0.0,0.0
73,0.0,0.0,0.0,0.0,0.0,0.0,0.0,0.0,0.0,0.0,0.0,0.0
74,0.0,0.0,0.0,0.0,0.0,0.0,0.0,0.0,0.0,0.0,0.0,0.0
