,0,1,2,3,4,5,6,7,8,9,10,11
0,49.95398230088495,48.36814159292035,58.99327433628318,63.43362831858407,59.62761061946903,49.319646017699114,61.68920353982301,55.66300884955752,50.746902654867256,60.10336283185841,58.04176991150442,56.1387610619469
1,49.95398230088495,48.685309734513275,58.99327433628318,63.43362831858407,59.94477876106194,49.63681415929204,61.37203539823009,55.3458407079646,50.905486725663714,60.42053097345132,58.20035398230088,56.1387610619469
2,50.746902654867256,49.161061946902656,58.99327433628318,63.75079646017699,60.26194690265487,49.95398230088495,60.8962831858407,55.18725663716814,51.06407079646017,60.10336283185841,57.88318584070796,55.98017699115044
3,50.905486725663714,49.319646017699114,58.83469026548672,63.43362831858407,60.26194690265487,49.795398230088495,60.73769911504425,55.3458407079646,50.58831858407079,60.10336283185841,57.56601769911505,55.82159292035398
4,51.381238938053095,49.795398230088495,58.83469026548672,63.75079646017699,60.57911504424778,49.95398230088495,60.26194690265487,55.3458407079646,50.58831858407079,59.94477876106194,57.40743362831858,55.82159292035398
5,51.53982300884955,49.95398230088495,58.99327433628318,63.43362831858407,60.57911504424778,49.795398230088495,59.62761061946903,55.18725663716814,50.42973451327433,59.78619469026549,57.24884955752212,55.504424778761056
6,51.69840707964602,49.95398230088495,59.15185840707965,62.95787610619469,60.10336283185841,49.319646017699114,59.15185840707965,55.02867256637168,50.271150442477875,59.78619469026549,57.09026548672567,55.3458407079646
7,51.53982300884955,49.795398230088495,59.15185840707965,62.48212389380531,59.62761061946903,49.161061946902656,58.83469026548672,54.87008849557522,50.42973451327433,59.62761061946903,56.61451327433628,55.3458407079646
8,51.53982300884955,49.63681415929204,58.99327433628318,62.48212389380531,59.15185840707965,49.00247787610619,58.35893805309734,54.87008849557522,50.11256637168142,59.46902654867256,56.61451327433628,55.3458407079646
9,51.22265486725664,49.319646017699114,58.35893805309734,62.48212389380531,59.3104424778761,49.00247787610619,58.35893805309734,55.02867256637168,50.11256637168142,59.3104424778761,56.61451327433628,55.504424778761056
10,50.42973451327433,49.00247787610619,0.0,62.16495575221239,58.83469026548672,0.0,58.04176991150442,0.0,0.0,59.62761061946903,56.61451327433628,55.504424778761056
11,49.47823008849557,48.84389380530973,0.0,62.48212389380531,0.0,0.0,0.0,0.0,0.0,59.62761061946903,56.77309734513274,55.66300884955752
12,48.84389380530973,48.209557522123895,0.0,62.64070796460177,0.0,0.0,0.0,0.0,0.0,59.46902654867256,0.0,0.0
13,48.36814159292035,0.0,0.0,63.27504424778761,0.0,0.0,0.0,0.0,0.0,59.46902654867256,0.0,0.0
14,47.89238938053097,0.0,0.0,64.38513274336283,0.0,0.0,0.0,0.0,0.0,59.15185840707965,0.0,0.0
15,47.73380530973451,0.0,0.0,64.38513274336283,0.0,0.0,0.0,0.0,0.0,59.3104424778761,0.0,0.0
16,47.73380530973451,0.0,0.0,64.38513274336283,0.0,0.0,0.0,0.0,0.0,58.99327433628318,0.0,0.0
17,47.89238938053097,0.0,0.0,64.86088495575221,0.0,0.0,0.0,0.0,0.0,58.99327433628318,0.0,0.0
18,0.0,0.0,0.0,65.33663716814159,0.0,0.0,0.0,0.0,0.0,59.15185840707965,0.0,0.0
19,0.0,0.0,0.0,64.86088495575221,0.0,0.0,0.0,0.0,0.0,58.67610619469027,0.0,0.0
20,0.0,0.0,0.0,65.01946902654866,0.0,0.0,0.0,0.0,0.0,58.83469026548672,0.0,0.0
21,0.0,0.0,0.0,65.33663716814159,0.0,0.0,0.0,0.0,0.0,59.15185840707965,0.0,0.0
22,0.0,0.0,0.0,65.49522123893804,0.0,0.0,0.0,0.0,0.0,58.83469026548672,0.0,0.0
23,0.0,0.0,0.0,0.0,0.0,0.0,0.0,0.0,0.0,58.35893805309734,0.0,0.0
24,0.0,0.0,0.0,0.0,0.0,0.0,0.0,0.0,0.0,0.0,0.0,0.0
25,0.0,0.0,0.0,0.0,0.0,0.0,0.0,0.0,0.0,0.0,0.0,0.0
26,0.0,0.0,0.0,0.0,0.0,0.0,0.0,0.0,0.0,0.0,0.0,0.0
27,0.0,0.0,0.0,0.0,0.0,0.0,0.0,0.0,0.0,0.0,0.0,0.0
28,0.0,0.0,0.0,0.0,0.0,0.0,0.0,0.0,0.0,0.0,0.0,0.0
29,0.0,0.0,0.0,0.0,0.0,0.0,0.0,0.0,0.0,0.0,0.0,0.0
30,0.0,0.0,0.0,0.0,0.0,0.0,0.0,0.0,0.0,0.0,0.0,0.0
31,0.0,0.0,0.0,0.0,0.0,0.0,0.0,0.0,0.0,0.0,0.0,0.0
32,0.0,0.0,0.0,0.0,0.0,0.0,0.0,0.0,0.0,0.0,0.0,0.0
33,0.0,0.0,0.0,0.0,0.0,0.0,0.0,0.0,0.0,0.0,0.0,0.0
34,0.0,0.0,0.0,0.0,0.0,0.0,0.0,0.0,0.0,0.0,0.0,0.0
35,0.0,0.0,0.0,0.0,0.0,0.0,0.0,0.0,0.0,0.0,0.0,0.0
36,0.0,0.0,0.0,0.0,0.0,0.0,0.0,0.0,0.0,0.0,0.0,0.0
37,0.0,0.0,0.0,0.0,0.0,0.0,0.0,0.0,0.0,0.0,0.0,0.0
38,0.0,0.0,0.0,0.0,0.0,0.0,0.0,0.0,0.0,0.0,0.0,0.0
39,0.0,0.0,0.0,0.0,0.0,0.0,0.0,0.0,0.0,0.0,0.0,0.0
40,0.0,0.0,0.0,0.0,0.0,0.0,0.0,0.0,0.0,0.0,0.0,0.0
41,0.0,0.0,0.0,0.0,0.0,0.0,0.0,0.0,0.0,0.0,0.0,0.0
42,0.0,0.0,0.0,0.0,0.0,0.0,0.0,0.0,0.0,0.0,0.0,0.0
43,0.0,0.0,0.0,0.0,0.0,0.0,0.0,0.0,0.0,0.0,0.0,0.0
44,0.0,0.0,0.0,0.0,0.0,0.0,0.0,0.0,0.0,0.0,0.0,0.0
45,0.0,0.0,0.0,0.0,0.0,0.0,0.0,0.0,0.0,0.0,0.0,0.0
46,0.0,0.0,0.0,0.0,0.0,0.0,0.0,0.0,0.0,0.0,0.0,0.0
47,0.0,0.0,0.0,0.0,0.0,0.0,0.0,0.0,0.0,0.0,0.0,0.0
48,0.0,0.0,0.0,0.0,0.0,0.0,0.0,0.0,0.0,0.0,0.0,0.0
49,0.0,0.0,0.0,0.0,0.0,0.0,0.0,0.0,0.0,0.0,0.0,0.0
50,0.0,0.0,0.0,0.0,0.0,0.0,0.0,0.0,0.0,0.0,0.0,0.0
51,0.0,0.0,0.0,0.0,0.0,0.0,0.0,0.0,0.0,0.0,0.0,0.0
52,0.0,0.0,0.0,0.0,0.0,0.0,0.0,0.0,0.0,0.0,0.0,0.0
53,0.0,0.0,0.0,0.0,0.0,0.0,0.0,0.0,0.0,0.0,0.0,0.0
54,0.0,0.0,0.0,0.0,0.0,0.0,0.0,0.0,0.0,0.0,0.0,0.0
55,0.0,0.0,0.0,0.0,0.0,0.0,0.0,0.0,0.0,0.0,0.0,0.0
56,0.0,0.0,0.0,0.0,0.0,0.0,0.0,0.0,0.0,0.0,0.0,0.0
57,0.0,0.0,0.0,0.0,0.0,0.0,0.0,0.0,0.0,0.0,0.0,0.0
58,0.0,0.0,0.0,0.0,0.0,0.0,0.0,0.0,0.0,0.0,0.0,0.0
59,0.0,0.0,0.0,0.0,0.0,0.0,0.0,0.0,0.0,0.0,0.0,0.0
60,0.0,0.0,0.0,0.0,0.0,0.0,0.0,0.0,0.0,0.0,0.0,0.0
61,0.0,0.0,0.0,0.0,0.0,0.0,0.0,0.0,0.0,0.0,0.0,0.0
62,0.0,0.0,0.0,0.0,0.0,0.0,0.0,0.0,0.0,0.0,0.0,0.0
63,0.0,0.0,0.0,0.0,0.0,0.0,0.0,0.0,0.0,0.0,0.0,0.0
64,0.0,0.0,0.0,0.0,0.0,0.0,0.0,0.0,0.0,0.0,0.0,0.0
65,0.0,0.0,0.0,0.0,0.0,0.0,0.0,0.0,0.0,0.0,0.0,0.0
66,0.0,0.0,0.0,0.0,0.0,0.0,0.0,0.0,0.0,0.0,0.0,0.0
67,0.0,0.0,0.0,0.0,0.0,0.0,0.0,0.0,0.0,0.0,0.0,0.0
68,0.0,0.0,0.0,0.0,0.0,0.0,0.0,0.0,0.0,0.0,0.0,0.0
69,0.0,0.0,0.0,0.0,0.0,0.0,0.0,0.0,0.0,0.0,0.0,0.0
70,0.0,0.0,0.0,0.0,0.0,0.0,0.0,0.0,0.0,0.0,0.0,0.0
71,0.0,0.0,0.0,0.0,0.0,0.0,0.0,0.0,0.0,0.0,0.0,0.0
72,0.0,0.0,0.0,0.0,0.0,0.0,0.0,0.0,0.0,0.0,0.0,0.0
73,0.0,0.0,0.0,0.0,0.0,0.0,0.0,0.0,0.0,0.0,0.0,0.0
74,0.0,0.0,0.0,0.0,0.0,0.0,0.0,0.0,0.0,0.0,0.0,0.0
