,0,1,2,3,4,5,6,7,8,9,10,11
0,71.99716814159292,60.42053097345132,68.03256637168141,68.98407079646017,69.3012389380531,65.81238938053097,65.81238938053097,66.9224778761062,65.33663716814159,65.17805309734514,61.53061946902654,61.21345132743363
1,71.83858407079646,60.26194690265487,67.55681415929203,69.3012389380531,69.618407079646,65.97097345132742,65.65380530973451,66.9224778761062,65.33663716814159,64.86088495575221,61.53061946902654,61.37203539823009
2,71.67999999999999,59.78619469026549,66.60530973451327,69.45982300884955,69.618407079646,65.65380530973451,65.81238938053097,66.9224778761062,65.33663716814159,65.17805309734514,61.68920353982301,61.53061946902654
3,71.20424778761061,59.62761061946903,65.97097345132742,69.45982300884955,69.93557522123893,65.97097345132742,66.12955752212389,66.9224778761062,65.17805309734514,65.01946902654866,61.68920353982301,61.37203539823009
4,70.41132743362832,59.94477876106194,66.12955752212389,69.77699115044248,70.0941592920354,65.81238938053097,65.81238938053097,66.76389380530973,65.17805309734514,65.33663716814159,62.16495575221239,61.53061946902654
5,70.56991150442478,59.62761061946903,66.12955752212389,69.77699115044248,70.0941592920354,65.81238938053097,65.81238938053097,66.76389380530973,65.17805309734514,65.49522123893804,62.00637168141592,61.68920353982301
6,70.41132743362832,59.3104424778761,66.12955752212389,69.93557522123893,70.25274336283186,65.65380530973451,65.65380530973451,66.4467256637168,65.01946902654866,65.49522123893804,61.84778761061947,61.84778761061947
7,70.41132743362832,59.46902654867256,66.4467256637168,70.25274336283186,70.41132743362832,65.97097345132742,65.81238938053097,66.60530973451327,64.86088495575221,65.33663716814159,61.84778761061947,61.84778761061947
8,70.0941592920354,59.3104424778761,66.12955752212389,70.25274336283186,70.25274336283186,66.12955752212389,65.81238938053097,66.76389380530973,65.17805309734514,65.01946902654866,61.84778761061947,62.00637168141592
9,70.0941592920354,59.3104424778761,65.65380530973451,70.25274336283186,70.56991150442478,65.97097345132742,65.65380530973451,66.4467256637168,65.17805309734514,65.49522123893804,62.16495575221239,62.32353982300885
10,70.41132743362832,59.46902654867256,65.81238938053097,70.56991150442478,70.8870796460177,66.28814159292035,65.65380530973451,66.60530973451327,64.86088495575221,65.65380530973451,62.48212389380531,62.48212389380531
11,70.0941592920354,59.62761061946903,65.97097345132742,70.41132743362832,70.72849557522123,66.12955752212389,65.65380530973451,66.60530973451327,65.01946902654866,65.65380530973451,62.00637168141592,62.32353982300885
12,70.0941592920354,59.46902654867256,0.0,70.56991150442478,70.72849557522123,66.4467256637168,65.81238938053097,66.76389380530973,64.70230088495576,65.65380530973451,62.00637168141592,62.64070796460177
13,70.25274336283186,59.3104424778761,0.0,70.72849557522123,70.72849557522123,66.12955752212389,65.49522123893804,66.4467256637168,64.70230088495576,65.97097345132742,62.32353982300885,62.64070796460177
14,70.0941592920354,59.15185840707965,0.0,70.41132743362832,70.72849557522123,66.60530973451327,65.49522123893804,66.12955752212389,64.70230088495576,65.81238938053097,62.32353982300885,62.48212389380531
15,70.0941592920354,59.15185840707965,0.0,70.41132743362832,70.56991150442478,65.97097345132742,65.33663716814159,66.28814159292035,64.38513274336283,65.97097345132742,62.48212389380531,62.79929203539823
16,70.0941592920354,59.3104424778761,0.0,70.41132743362832,70.56991150442478,66.76389380530973,65.49522123893804,66.28814159292035,64.38513274336283,66.12955752212389,62.79929203539823,63.11646017699114
17,69.77699115044248,58.67610619469027,0.0,70.25274336283186,70.56991150442478,0.0,65.49522123893804,66.12955752212389,64.38513274336283,66.28814159292035,63.11646017699114,63.11646017699114
18,69.93557522123893,58.20035398230088,0.0,70.41132743362832,70.56991150442478,0.0,65.49522123893804,66.12955752212389,64.22654867256638,66.28814159292035,62.64070796460177,0.0
19,69.93557522123893,57.88318584070796,0.0,70.41132743362832,70.72849557522123,0.0,65.49522123893804,66.12955752212389,64.22654867256638,66.12955752212389,63.11646017699114,0.0
20,70.0941592920354,0.0,0.0,70.56991150442478,70.72849557522123,0.0,65.65380530973451,66.12955752212389,0.0,66.28814159292035,63.11646017699114,0.0
21,69.77699115044248,0.0,0.0,70.56991150442478,0.0,0.0,65.49522123893804,65.97097345132742,0.0,66.76389380530973,0.0,0.0
22,69.93557522123893,0.0,0.0,70.72849557522123,0.0,0.0,65.65380530973451,65.81238938053097,0.0,0.0,0.0,0.0
23,69.77699115044248,0.0,0.0,70.72849557522123,0.0,0.0,65.81238938053097,65.81238938053097,0.0,0.0,0.0,0.0
24,69.93557522123893,0.0,0.0,70.56991150442478,0.0,0.0,65.65380530973451,65.81238938053097,0.0,0.0,0.0,0.0
25,69.93557522123893,0.0,0.0,70.56991150442478,0.0,0.0,65.33663716814159,65.81238938053097,0.0,0.0,0.0,0.0
26,69.77699115044248,0.0,0.0,70.41132743362832,0.0,0.0,65.49522123893804,65.81238938053097,0.0,0.0,0.0,0.0
27,69.93557522123893,0.0,0.0,70.56991150442478,0.0,0.0,65.49522123893804,0.0,0.0,0.0,0.0,0.0
28,69.618407079646,0.0,0.0,70.56991150442478,0.0,0.0,65.33663716814159,0.0,0.0,0.0,0.0,0.0
29,0.0,0.0,0.0,70.72849557522123,0.0,0.0,65.33663716814159,0.0,0.0,0.0,0.0,0.0
30,0.0,0.0,0.0,70.8870796460177,0.0,0.0,65.49522123893804,0.0,0.0,0.0,0.0,0.0
31,0.0,0.0,0.0,70.72849557522123,0.0,0.0,65.65380530973451,0.0,0.0,0.0,0.0,0.0
32,0.0,0.0,0.0,0.0,0.0,0.0,65.49522123893804,0.0,0.0,0.0,0.0,0.0
33,0.0,0.0,0.0,0.0,0.0,0.0,65.65380530973451,0.0,0.0,0.0,0.0,0.0
34,0.0,0.0,0.0,0.0,0.0,0.0,65.33663716814159,0.0,0.0,0.0,0.0,0.0
35,0.0,0.0,0.0,0.0,0.0,0.0,65.81238938053097,0.0,0.0,0.0,0.0,0.0
36,0.0,0.0,0.0,0.0,0.0,0.0,65.17805309734514,0.0,0.0,0.0,0.0,0.0
37,0.0,0.0,0.0,0.0,0.0,0.0,65.17805309734514,0.0,0.0,0.0,0.0,0.0
38,0.0,0.0,0.0,0.0,0.0,0.0,65.01946902654866,0.0,0.0,0.0,0.0,0.0
39,0.0,0.0,0.0,0.0,0.0,0.0,65.17805309734514,0.0,0.0,0.0,0.0,0.0
40,0.0,0.0,0.0,0.0,0.0,0.0,65.01946902654866,0.0,0.0,0.0,0.0,0.0
41,0.0,0.0,0.0,0.0,0.0,0.0,65.01946902654866,0.0,0.0,0.0,0.0,0.0
42,0.0,0.0,0.0,0.0,0.0,0.0,65.01946902654866,0.0,0.0,0.0,0.0,0.0
43,0.0,0.0,0.0,0.0,0.0,0.0,0.0,0.0,0.0,0.0,0.0,0.0
44,0.0,0.0,0.0,0.0,0.0,0.0,0.0,0.0,0.0,0.0,0.0,0.0
45,0.0,0.0,0.0,0.0,0.0,0.0,0.0,0.0,0.0,0.0,0.0,0.0
46,0.0,0.0,0.0,0.0,0.0,0.0,0.0,0.0,0.0,0.0,0.0,0.0
47,0.0,0.0,0.0,0.0,0.0,0.0,0.0,0.0,0.0,0.0,0.0,0.0
48,0.0,0.0,0.0,0.0,0.0,0.0,0.0,0.0,0.0,0.0,0.0,0.0
49,0.0,0.0,0.0,0.0,0.0,0.0,0.0,0.0,0.0,0.0,0.0,0.0
50,0.0,0.0,0.0,0.0,0.0,0.0,0.0,0.0,0.0,0.0,0.0,0.0
51,0.0,0.0,0.0,0.0,0.0,0.0,0.0,0.0,0.0,0.0,0.0,0.0
52,0.0,0.0,0.0,0.0,0.0,0.0,0.0,0.0,0.0,0.0,0.0,0.0
53,0.0,0.0,0.0,0.0,0.0,0.0,0.0,0.0,0.0,0.0,0.0,0.0
54,0.0,0.0,0.0,0.0,0.0,0.0,0.0,0.0,0.0,0.0,0.0,0.0
55,0.0,0.0,0.0,0.0,0.0,0.0,0.0,0.0,0.0,0.0,0.0,0.0
56,0.0,0.0,0.0,0.0,0.0,0.0,0.0,0.0,0.0,0.0,0.0,0.0
57,0.0,0.0,0.0,0.0,0.0,0.0,0.0,0.0,0.0,0.0,0.0,0.0
58,0.0,0.0,0.0,0.0,0.0,0.0,0.0,0.0,0.0,0.0,0.0,0.0
59,0.0,0.0,0.0,0.0,0.0,0.0,0.0,0.0,0.0,0.0,0.0,0.0
60,0.0,0.0,0.0,0.0,0.0,0.0,0.0,0.0,0.0,0.0,0.0,0.0
61,0.0,0.0,0.0,0.0,0.0,0.0,0.0,0.0,0.0,0.0,0.0,0.0
62,0.0,0.0,0.0,0.0,0.0,0.0,0.0,0.0,0.0,0.0,0.0,0.0
63,0.0,0.0,0.0,0.0,0.0,0.0,0.0,0.0,0.0,0.0,0.0,0.0
64,0.0,0.0,0.0,0.0,0.0,0.0,0.0,0.0,0.0,0.0,0.0,0.0
65,0.0,0.0,0.0,0.0,0.0,0.0,0.0,0.0,0.0,0.0,0.0,0.0
66,0.0,0.0,0.0,0.0,0.0,0.0,0.0,0.0,0.0,0.0,0.0,0.0
67,0.0,0.0,0.0,0.0,0.0,0.0,0.0,0.0,0.0,0.0,0.0,0.0
68,0.0,0.0,0.0,0.0,0.0,0.0,0.0,0.0,0.0,0.0,0.0,0.0
69,0.0,0.0,0.0,0.0,0.0,0.0,0.0,0.0,0.0,0.0,0.0,0.0
70,0.0,0.0,0.0,0.0,0.0,0.0,0.0,0.0,0.0,0.0,0.0,0.0
71,0.0,0.0,0.0,0.0,0.0,0.0,0.0,0.0,0.0,0.0,0.0,0.0
72,0.0,0.0,0.0,0.0,0.0,0.0,0.0,0.0,0.0,0.0,0.0,0.0
73,0.0,0.0,0.0,0.0,0.0,0.0,0.0,0.0,0.0,0.0,0.0,0.0
74,0.0,0.0,0.0,0.0,0.0,0.0,0.0,0.0,0.0,0.0,0.0,0.0
