,0,1,2,3,4,5,6,7,8,9,10,11
0,56.29734513274336,57.88318584070796,55.98017699115044,41.549026548672565,42.659115044247784,42.34194690265487,58.83469026548672,59.62761061946903,61.05486725663716,59.46902654867256,59.15185840707965,56.29734513274336
1,56.29734513274336,58.04176991150442,56.1387610619469,41.549026548672565,42.024778761061945,42.500530973451326,58.99327433628318,59.62761061946903,60.8962831858407,60.10336283185841,59.78619469026549,56.77309734513274
2,56.1387610619469,58.04176991150442,56.1387610619469,41.70761061946902,42.024778761061945,42.81769911504425,58.67610619469027,59.62761061946903,61.05486725663716,60.10336283185841,60.10336283185841,57.40743362831858
3,56.29734513274336,58.04176991150442,56.1387610619469,41.86619469026549,41.70761061946902,43.29345132743363,58.04176991150442,59.62761061946903,60.8962831858407,60.8962831858407,60.57911504424778,58.04176991150442
4,56.29734513274336,58.04176991150442,55.98017699115044,42.024778761061945,41.86619469026549,43.45203539823009,58.35893805309734,59.46902654867256,60.73769911504425,61.05486725663716,60.73769911504425,58.20035398230088
5,56.29734513274336,57.88318584070796,56.29734513274336,41.70761061946902,41.70761061946902,43.45203539823009,58.20035398230088,59.46902654867256,61.05486725663716,61.53061946902654,60.73769911504425,58.5175221238938
6,56.29734513274336,57.7246017699115,55.98017699115044,41.549026548672565,41.70761061946902,43.134867256637165,58.20035398230088,59.46902654867256,61.05486725663716,62.00637168141592,61.53061946902654,59.46902654867256
7,56.1387610619469,58.04176991150442,55.98017699115044,41.39044247787611,41.86619469026549,43.134867256637165,58.04176991150442,59.46902654867256,61.05486725663716,62.32353982300885,61.84778761061947,59.94477876106194
8,55.18725663716814,57.09026548672567,55.18725663716814,40.75610619469027,41.23185840707965,43.134867256637165,57.88318584070796,59.3104424778761,61.21345132743363,62.48212389380531,62.16495575221239,60.26194690265487
9,55.18725663716814,56.77309734513274,54.87008849557522,41.073274336283184,41.073274336283184,43.29345132743363,57.88318584070796,59.3104424778761,61.37203539823009,62.79929203539823,62.48212389380531,60.42053097345132
10,55.02867256637168,56.29734513274336,54.23575221238938,40.75610619469027,41.549026548672565,42.97628318584071,57.88318584070796,59.46902654867256,60.8962831858407,62.95787610619469,62.64070796460177,60.8962831858407
11,55.18725663716814,56.61451327433628,54.39433628318584,40.43893805309734,41.23185840707965,0.0,57.40743362831858,59.46902654867256,61.21345132743363,63.27504424778761,0.0,0.0
12,55.02867256637168,56.77309734513274,54.39433628318584,40.5975221238938,0.0,0.0,57.7246017699115,59.3104424778761,61.21345132743363,0.0,0.0,0.0
13,54.87008849557522,56.77309734513274,54.39433628318584,0.0,0.0,0.0,56.9316814159292,58.99327433628318,0.0,0.0,0.0,0.0
14,55.02867256637168,57.56601769911505,54.5529203539823,0.0,0.0,0.0,57.09026548672567,58.83469026548672,0.0,0.0,0.0,0.0
15,54.71150442477876,56.9316814159292,54.71150442477876,0.0,0.0,0.0,0.0,0.0,0.0,0.0,0.0,0.0
16,54.71150442477876,57.09026548672567,54.5529203539823,0.0,0.0,0.0,0.0,0.0,0.0,0.0,0.0,0.0
17,54.71150442477876,57.24884955752212,54.23575221238938,0.0,0.0,0.0,0.0,0.0,0.0,0.0,0.0,0.0
18,54.87008849557522,57.40743362831858,54.5529203539823,0.0,0.0,0.0,0.0,0.0,0.0,0.0,0.0,0.0
19,55.3458407079646,58.04176991150442,0.0,0.0,0.0,0.0,0.0,0.0,0.0,0.0,0.0,0.0
20,55.504424778761056,58.20035398230088,0.0,0.0,0.0,0.0,0.0,0.0,0.0,0.0,0.0,0.0
21,56.29734513274336,58.67610619469027,0.0,0.0,0.0,0.0,0.0,0.0,0.0,0.0,0.0,0.0
22,56.29734513274336,0.0,0.0,0.0,0.0,0.0,0.0,0.0,0.0,0.0,0.0,0.0
23,56.77309734513274,0.0,0.0,0.0,0.0,0.0,0.0,0.0,0.0,0.0,0.0,0.0
24,0.0,0.0,0.0,0.0,0.0,0.0,0.0,0.0,0.0,0.0,0.0,0.0
25,0.0,0.0,0.0,0.0,0.0,0.0,0.0,0.0,0.0,0.0,0.0,0.0
26,0.0,0.0,0.0,0.0,0.0,0.0,0.0,0.0,0.0,0.0,0.0,0.0
27,0.0,0.0,0.0,0.0,0.0,0.0,0.0,0.0,0.0,0.0,0.0,0.0
28,0.0,0.0,0.0,0.0,0.0,0.0,0.0,0.0,0.0,0.0,0.0,0.0
29,0.0,0.0,0.0,0.0,0.0,0.0,0.0,0.0,0.0,0.0,0.0,0.0
30,0.0,0.0,0.0,0.0,0.0,0.0,0.0,0.0,0.0,0.0,0.0,0.0
31,0.0,0.0,0.0,0.0,0.0,0.0,0.0,0.0,0.0,0.0,0.0,0.0
32,0.0,0.0,0.0,0.0,0.0,0.0,0.0,0.0,0.0,0.0,0.0,0.0
33,0.0,0.0,0.0,0.0,0.0,0.0,0.0,0.0,0.0,0.0,0.0,0.0
34,0.0,0.0,0.0,0.0,0.0,0.0,0.0,0.0,0.0,0.0,0.0,0.0
35,0.0,0.0,0.0,0.0,0.0,0.0,0.0,0.0,0.0,0.0,0.0,0.0
36,0.0,0.0,0.0,0.0,0.0,0.0,0.0,0.0,0.0,0.0,0.0,0.0
37,0.0,0.0,0.0,0.0,0.0,0.0,0.0,0.0,0.0,0.0,0.0,0.0
38,0.0,0.0,0.0,0.0,0.0,0.0,0.0,0.0,0.0,0.0,0.0,0.0
39,0.0,0.0,0.0,0.0,0.0,0.0,0.0,0.0,0.0,0.0,0.0,0.0
40,0.0,0.0,0.0,0.0,0.0,0.0,0.0,0.0,0.0,0.0,0.0,0.0
41,0.0,0.0,0.0,0.0,0.0,0.0,0.0,0.0,0.0,0.0,0.0,0.0
42,0.0,0.0,0.0,0.0,0.0,0.0,0.0,0.0,0.0,0.0,0.0,0.0
43,0.0,0.0,0.0,0.0,0.0,0.0,0.0,0.0,0.0,0.0,0.0,0.0
44,0.0,0.0,0.0,0.0,0.0,0.0,0.0,0.0,0.0,0.0,0.0,0.0
45,0.0,0.0,0.0,0.0,0.0,0.0,0.0,0.0,0.0,0.0,0.0,0.0
46,0.0,0.0,0.0,0.0,0.0,0.0,0.0,0.0,0.0,0.0,0.0,0.0
47,0.0,0.0,0.0,0.0,0.0,0.0,0.0,0.0,0.0,0.0,0.0,0.0
48,0.0,0.0,0.0,0.0,0.0,0.0,0.0,0.0,0.0,0.0,0.0,0.0
49,0.0,0.0,0.0,0.0,0.0,0.0,0.0,0.0,0.0,0.0,0.0,0.0
50,0.0,0.0,0.0,0.0,0.0,0.0,0.0,0.0,0.0,0.0,0.0,0.0
51,0.0,0.0,0.0,0.0,0.0,0.0,0.0,0.0,0.0,0.0,0.0,0.0
52,0.0,0.0,0.0,0.0,0.0,0.0,0.0,0.0,0.0,0.0,0.0,0.0
53,0.0,0.0,0.0,0.0,0.0,0.0,0.0,0.0,0.0,0.0,0.0,0.0
54,0.0,0.0,0.0,0.0,0.0,0.0,0.0,0.0,0.0,0.0,0.0,0.0
55,0.0,0.0,0.0,0.0,0.0,0.0,0.0,0.0,0.0,0.0,0.0,0.0
56,0.0,0.0,0.0,0.0,0.0,0.0,0.0,0.0,0.0,0.0,0.0,0.0
57,0.0,0.0,0.0,0.0,0.0,0.0,0.0,0.0,0.0,0.0,0.0,0.0
58,0.0,0.0,0.0,0.0,0.0,0.0,0.0,0.0,0.0,0.0,0.0,0.0
59,0.0,0.0,0.0,0.0,0.0,0.0,0.0,0.0,0.0,0.0,0.0,0.0
60,0.0,0.0,0.0,0.0,0.0,0.0,0.0,0.0,0.0,0.0,0.0,0.0
61,0.0,0.0,0.0,0.0,0.0,0.0,0.0,0.0,0.0,0.0,0.0,0.0
62,0.0,0.0,0.0,0.0,0.0,0.0,0.0,0.0,0.0,0.0,0.0,0.0
63,0.0,0.0,0.0,0.0,0.0,0.0,0.0,0.0,0.0,0.0,0.0,0.0
64,0.0,0.0,0.0,0.0,0.0,0.0,0.0,0.0,0.0,0.0,0.0,0.0
65,0.0,0.0,0.0,0.0,0.0,0.0,0.0,0.0,0.0,0.0,0.0,0.0
66,0.0,0.0,0.0,0.0,0.0,0.0,0.0,0.0,0.0,0.0,0.0,0.0
67,0.0,0.0,0.0,0.0,0.0,0.0,0.0,0.0,0.0,0.0,0.0,0.0
68,0.0,0.0,0.0,0.0,0.0,0.0,0.0,0.0,0.0,0.0,0.0,0.0
69,0.0,0.0,0.0,0.0,0.0,0.0,0.0,0.0,0.0,0.0,0.0,0.0
70,0.0,0.0,0.0,0.0,0.0,0.0,0.0,0.0,0.0,0.0,0.0,0.0
71,0.0,0.0,0.0,0.0,0.0,0.0,0.0,0.0,0.0,0.0,0.0,0.0
72,0.0,0.0,0.0,0.0,0.0,0.0,0.0,0.0,0.0,0.0,0.0,0.0
73,0.0,0.0,0.0,0.0,0.0,0.0,0.0,0.0,0.0,0.0,0.0,0.0
74,0.0,0.0,0.0,0.0,0.0,0.0,0.0,0.0,0.0,0.0,0.0,0.0
