,0,1,2,3,4,5,6,7,8,9,10,11
0,49.63681415929204,38.85309734513274,36.79150442477876,55.18725663716814,57.56601769911505,60.10336283185841,39.32884955752212,30.76530973451327,32.03398230088495,50.271150442477875,59.15185840707965,61.84778761061947
1,50.271150442477875,38.69451327433629,36.95008849557522,54.87008849557522,57.40743362831858,60.10336283185841,39.32884955752212,30.923893805309735,32.03398230088495,49.95398230088495,59.3104424778761,61.84778761061947
2,50.42973451327433,38.69451327433629,37.4258407079646,54.71150442477876,57.40743362831858,59.78619469026549,39.17026548672566,30.76530973451327,31.716814159292035,50.11256637168142,59.3104424778761,62.32353982300885
3,50.746902654867256,38.69451327433629,37.90159292035398,54.71150442477876,57.40743362831858,59.46902654867256,39.487433628318584,30.76530973451327,32.03398230088495,50.11256637168142,59.15185840707965,62.16495575221239
4,50.58831858407079,38.69451327433629,38.37734513274336,54.71150442477876,57.56601769911505,59.46902654867256,39.64601769911504,30.76530973451327,32.03398230088495,49.47823008849557,59.15185840707965,62.32353982300885
5,50.746902654867256,38.85309734513274,39.0116814159292,54.87008849557522,57.24884955752212,59.3104424778761,39.64601769911504,30.76530973451327,31.875398230088496,49.795398230088495,59.15185840707965,62.48212389380531
6,51.22265486725664,39.17026548672566,39.17026548672566,54.87008849557522,57.24884955752212,59.3104424778761,39.64601769911504,30.76530973451327,31.875398230088496,50.271150442477875,59.15185840707965,62.48212389380531
7,51.381238938053095,39.32884955752212,39.487433628318584,54.71150442477876,57.40743362831858,59.62761061946903,39.64601769911504,30.76530973451327,31.875398230088496,50.42973451327433,59.3104424778761,62.79929203539823
8,51.856991150442475,39.32884955752212,39.64601769911504,54.71150442477876,57.24884955752212,59.3104424778761,39.8046017699115,30.76530973451327,31.716814159292035,50.58831858407079,59.3104424778761,62.79929203539823
9,51.381238938053095,39.487433628318584,39.64601769911504,54.71150442477876,57.24884955752212,59.3104424778761,39.8046017699115,30.76530973451327,31.875398230088496,51.06407079646017,59.46902654867256,63.11646017699114
10,52.01557522123893,39.963185840707965,40.28035398230089,54.71150442477876,57.24884955752212,59.3104424778761,39.963185840707965,30.76530973451327,31.875398230088496,51.22265486725664,59.62761061946903,0.0
11,52.01557522123893,39.8046017699115,40.28035398230089,54.5529203539823,57.09026548672567,59.15185840707965,39.963185840707965,30.76530973451327,31.716814159292035,51.22265486725664,59.46902654867256,0.0
12,52.332743362831856,39.963185840707965,40.5975221238938,54.71150442477876,57.24884955752212,59.15185840707965,40.12176991150442,30.606725663716816,0.0,51.06407079646017,59.62761061946903,0.0
13,52.1741592920354,39.8046017699115,0.0,54.39433628318584,56.9316814159292,58.83469026548672,40.12176991150442,30.76530973451327,0.0,51.22265486725664,59.62761061946903,0.0
14,52.1741592920354,39.8046017699115,0.0,54.39433628318584,56.9316814159292,58.67610619469027,39.8046017699115,30.76530973451327,0.0,51.69840707964602,59.94477876106194,0.0
15,52.491327433628314,39.64601769911504,0.0,54.23575221238938,56.61451327433628,58.67610619469027,39.64601769911504,30.606725663716816,0.0,52.01557522123893,60.10336283185841,0.0
16,52.967079646017694,39.17026548672566,0.0,54.5529203539823,56.77309734513274,58.5175221238938,39.64601769911504,30.28955752212389,0.0,51.856991150442475,0.0,0.0
17,53.12566371681415,0.0,0.0,54.39433628318584,56.45592920353982,58.5175221238938,39.963185840707965,30.606725663716816,0.0,0.0,0.0,0.0
18,53.28424778761062,0.0,0.0,54.23575221238938,56.61451327433628,58.04176991150442,39.963185840707965,0.0,0.0,0.0,0.0,0.0
19,53.44283185840708,0.0,0.0,54.07716814159292,56.45592920353982,58.04176991150442,39.963185840707965,0.0,0.0,0.0,0.0,0.0
20,53.918584070796456,0.0,0.0,53.918584070796456,56.29734513274336,57.7246017699115,0.0,0.0,0.0,0.0,0.0,0.0
21,54.23575221238938,0.0,0.0,54.07716814159292,56.45592920353982,57.7246017699115,0.0,0.0,0.0,0.0,0.0,0.0
22,54.71150442477876,0.0,0.0,53.76,56.29734513274336,0.0,0.0,0.0,0.0,0.0,0.0,0.0
23,55.18725663716814,0.0,0.0,53.60141592920353,55.98017699115044,0.0,0.0,0.0,0.0,0.0,0.0,0.0
24,0.0,0.0,0.0,53.60141592920353,55.98017699115044,0.0,0.0,0.0,0.0,0.0,0.0,0.0
25,0.0,0.0,0.0,52.967079646017694,55.82159292035398,0.0,0.0,0.0,0.0,0.0,0.0,0.0
26,0.0,0.0,0.0,52.967079646017694,55.504424778761056,0.0,0.0,0.0,0.0,0.0,0.0,0.0
27,0.0,0.0,0.0,52.80849557522124,55.504424778761056,0.0,0.0,0.0,0.0,0.0,0.0,0.0
28,0.0,0.0,0.0,52.967079646017694,55.504424778761056,0.0,0.0,0.0,0.0,0.0,0.0,0.0
29,0.0,0.0,0.0,0.0,0.0,0.0,0.0,0.0,0.0,0.0,0.0,0.0
30,0.0,0.0,0.0,0.0,0.0,0.0,0.0,0.0,0.0,0.0,0.0,0.0
31,0.0,0.0,0.0,0.0,0.0,0.0,0.0,0.0,0.0,0.0,0.0,0.0
32,0.0,0.0,0.0,0.0,0.0,0.0,0.0,0.0,0.0,0.0,0.0,0.0
33,0.0,0.0,0.0,0.0,0.0,0.0,0.0,0.0,0.0,0.0,0.0,0.0
34,0.0,0.0,0.0,0.0,0.0,0.0,0.0,0.0,0.0,0.0,0.0,0.0
35,0.0,0.0,0.0,0.0,0.0,0.0,0.0,0.0,0.0,0.0,0.0,0.0
36,0.0,0.0,0.0,0.0,0.0,0.0,0.0,0.0,0.0,0.0,0.0,0.0
37,0.0,0.0,0.0,0.0,0.0,0.0,0.0,0.0,0.0,0.0,0.0,0.0
38,0.0,0.0,0.0,0.0,0.0,0.0,0.0,0.0,0.0,0.0,0.0,0.0
39,0.0,0.0,0.0,0.0,0.0,0.0,0.0,0.0,0.0,0.0,0.0,0.0
40,0.0,0.0,0.0,0.0,0.0,0.0,0.0,0.0,0.0,0.0,0.0,0.0
41,0.0,0.0,0.0,0.0,0.0,0.0,0.0,0.0,0.0,0.0,0.0,0.0
42,0.0,0.0,0.0,0.0,0.0,0.0,0.0,0.0,0.0,0.0,0.0,0.0
43,0.0,0.0,0.0,0.0,0.0,0.0,0.0,0.0,0.0,0.0,0.0,0.0
44,0.0,0.0,0.0,0.0,0.0,0.0,0.0,0.0,0.0,0.0,0.0,0.0
45,0.0,0.0,0.0,0.0,0.0,0.0,0.0,0.0,0.0,0.0,0.0,0.0
46,0.0,0.0,0.0,0.0,0.0,0.0,0.0,0.0,0.0,0.0,0.0,0.0
47,0.0,0.0,0.0,0.0,0.0,0.0,0.0,0.0,0.0,0.0,0.0,0.0
48,0.0,0.0,0.0,0.0,0.0,0.0,0.0,0.0,0.0,0.0,0.0,0.0
49,0.0,0.0,0.0,0.0,0.0,0.0,0.0,0.0,0.0,0.0,0.0,0.0
50,0.0,0.0,0.0,0.0,0.0,0.0,0.0,0.0,0.0,0.0,0.0,0.0
51,0.0,0.0,0.0,0.0,0.0,0.0,0.0,0.0,0.0,0.0,0.0,0.0
52,0.0,0.0,0.0,0.0,0.0,0.0,0.0,0.0,0.0,0.0,0.0,0.0
53,0.0,0.0,0.0,0.0,0.0,0.0,0.0,0.0,0.0,0.0,0.0,0.0
54,0.0,0.0,0.0,0.0,0.0,0.0,0.0,0.0,0.0,0.0,0.0,0.0
55,0.0,0.0,0.0,0.0,0.0,0.0,0.0,0.0,0.0,0.0,0.0,0.0
56,0.0,0.0,0.0,0.0,0.0,0.0,0.0,0.0,0.0,0.0,0.0,0.0
57,0.0,0.0,0.0,0.0,0.0,0.0,0.0,0.0,0.0,0.0,0.0,0.0
58,0.0,0.0,0.0,0.0,0.0,0.0,0.0,0.0,0.0,0.0,0.0,0.0
59,0.0,0.0,0.0,0.0,0.0,0.0,0.0,0.0,0.0,0.0,0.0,0.0
60,0.0,0.0,0.0,0.0,0.0,0.0,0.0,0.0,0.0,0.0,0.0,0.0
61,0.0,0.0,0.0,0.0,0.0,0.0,0.0,0.0,0.0,0.0,0.0,0.0
62,0.0,0.0,0.0,0.0,0.0,0.0,0.0,0.0,0.0,0.0,0.0,0.0
63,0.0,0.0,0.0,0.0,0.0,0.0,0.0,0.0,0.0,0.0,0.0,0.0
64,0.0,0.0,0.0,0.0,0.0,0.0,0.0,0.0,0.0,0.0,0.0,0.0
65,0.0,0.0,0.0,0.0,0.0,0.0,0.0,0.0,0.0,0.0,0.0,0.0
66,0.0,0.0,0.0,0.0,0.0,0.0,0.0,0.0,0.0,0.0,0.0,0.0
67,0.0,0.0,0.0,0.0,0.0,0.0,0.0,0.0,0.0,0.0,0.0,0.0
68,0.0,0.0,0.0,0.0,0.0,0.0,0.0,0.0,0.0,0.0,0.0,0.0
69,0.0,0.0,0.0,0.0,0.0,0.0,0.0,0.0,0.0,0.0,0.0,0.0
70,0.0,0.0,0.0,0.0,0.0,0.0,0.0,0.0,0.0,0.0,0.0,0.0
71,0.0,0.0,0.0,0.0,0.0,0.0,0.0,0.0,0.0,0.0,0.0,0.0
72,0.0,0.0,0.0,0.0,0.0,0.0,0.0,0.0,0.0,0.0,0.0,0.0
73,0.0,0.0,0.0,0.0,0.0,0.0,0.0,0.0,0.0,0.0,0.0,0.0
74,0.0,0.0,0.0,0.0,0.0,0.0,0.0,0.0,0.0,0.0,0.0,0.0
