,0,1,2,3,4,5,6,7,8,9,10,11
0,48.209557522123895,66.4467256637168,52.491327433628314,42.1833628318584,44.244955752212384,40.5975221238938,41.86619469026549,42.500530973451326,54.5529203539823,72.94867256637168,76.91327433628318,72.63150442477875
1,47.73380530973451,66.28814159292035,52.332743362831856,42.024778761061945,43.92778761061947,40.5975221238938,41.70761061946902,42.81769911504425,54.71150442477876,72.94867256637168,76.91327433628318,72.79008849557522
2,48.209557522123895,66.28814159292035,52.491327433628314,41.86619469026549,43.92778761061947,40.28035398230089,42.1833628318584,43.610619469026545,54.5529203539823,72.79008849557522,76.91327433628318,72.79008849557522
3,47.73380530973451,66.28814159292035,52.491327433628314,41.86619469026549,43.92778761061947,40.43893805309734,42.659115044247784,44.244955752212384,54.87008849557522,72.79008849557522,76.59610619469026,72.31433628318584
4,47.575221238938056,66.28814159292035,52.80849557522124,42.024778761061945,43.92778761061947,40.43893805309734,42.97628318584071,44.56212389380531,55.02867256637168,72.94867256637168,76.75469026548672,71.83858407079646
5,47.73380530973451,65.97097345132742,52.80849557522124,42.34194690265487,44.086371681415926,40.75610619469027,43.610619469026545,44.56212389380531,55.3458407079646,73.10725663716813,76.4375221238938,71.83858407079646
6,47.41663716814159,65.81238938053097,52.967079646017694,42.659115044247784,44.244955752212384,41.073274336283184,43.610619469026545,44.720707964601765,55.3458407079646,72.94867256637168,76.59610619469026,71.20424778761061
7,47.41663716814159,65.81238938053097,52.967079646017694,42.97628318584071,44.56212389380531,41.86619469026549,43.76920353982301,45.03787610619469,55.66300884955752,72.79008849557522,76.75469026548672,71.04566371681416
8,47.89238938053097,65.97097345132742,53.12566371681415,43.134867256637165,44.56212389380531,41.70761061946902,44.56212389380531,45.51362831858407,56.1387610619469,73.10725663716813,77.07185840707965,70.25274336283186
9,48.05097345132743,65.81238938053097,53.12566371681415,42.97628318584071,44.87929203539823,41.86619469026549,45.196460176991145,45.98938053097345,56.61451327433628,73.2658407079646,77.07185840707965,70.41132743362832
10,48.209557522123895,65.33663716814159,53.60141592920353,43.610619469026545,45.03787610619469,0.0,45.672212389380526,46.623716814159295,56.61451327433628,72.94867256637168,76.91327433628318,70.25274336283186
11,48.209557522123895,65.81238938053097,53.918584070796456,43.610619469026545,0.0,0.0,46.30654867256637,46.30654867256637,57.24884955752212,73.10725663716813,77.07185840707965,70.41132743362832
12,48.36814159292035,65.65380530973451,54.07716814159292,43.92778761061947,0.0,0.0,47.099469026548675,46.30654867256637,0.0,73.42442477876106,77.07185840707965,70.25274336283186
13,48.36814159292035,65.49522123893804,54.07716814159292,0.0,0.0,0.0,0.0,0.0,0.0,73.42442477876106,76.91327433628318,70.25274336283186
14,48.209557522123895,65.01946902654866,0.0,0.0,0.0,0.0,0.0,0.0,0.0,73.58300884955752,76.75469026548672,0.0
15,48.209557522123895,65.17805309734514,0.0,0.0,0.0,0.0,0.0,0.0,0.0,73.42442477876106,76.59610619469026,0.0
16,48.36814159292035,65.33663716814159,0.0,0.0,0.0,0.0,0.0,0.0,0.0,73.42442477876106,76.59610619469026,0.0
17,48.05097345132743,65.33663716814159,0.0,0.0,0.0,0.0,0.0,0.0,0.0,73.74159292035398,0.0,0.0
18,48.209557522123895,65.33663716814159,0.0,0.0,0.0,0.0,0.0,0.0,0.0,73.42442477876106,0.0,0.0
19,47.89238938053097,65.01946902654866,0.0,0.0,0.0,0.0,0.0,0.0,0.0,73.42442477876106,0.0,0.0
20,47.575221238938056,0.0,0.0,0.0,0.0,0.0,0.0,0.0,0.0,73.42442477876106,0.0,0.0
21,47.73380530973451,0.0,0.0,0.0,0.0,0.0,0.0,0.0,0.0,0.0,0.0,0.0
22,0.0,0.0,0.0,0.0,0.0,0.0,0.0,0.0,0.0,0.0,0.0,0.0
23,0.0,0.0,0.0,0.0,0.0,0.0,0.0,0.0,0.0,0.0,0.0,0.0
24,0.0,0.0,0.0,0.0,0.0,0.0,0.0,0.0,0.0,0.0,0.0,0.0
25,0.0,0.0,0.0,0.0,0.0,0.0,0.0,0.0,0.0,0.0,0.0,0.0
26,0.0,0.0,0.0,0.0,0.0,0.0,0.0,0.0,0.0,0.0,0.0,0.0
27,0.0,0.0,0.0,0.0,0.0,0.0,0.0,0.0,0.0,0.0,0.0,0.0
28,0.0,0.0,0.0,0.0,0.0,0.0,0.0,0.0,0.0,0.0,0.0,0.0
29,0.0,0.0,0.0,0.0,0.0,0.0,0.0,0.0,0.0,0.0,0.0,0.0
30,0.0,0.0,0.0,0.0,0.0,0.0,0.0,0.0,0.0,0.0,0.0,0.0
31,0.0,0.0,0.0,0.0,0.0,0.0,0.0,0.0,0.0,0.0,0.0,0.0
32,0.0,0.0,0.0,0.0,0.0,0.0,0.0,0.0,0.0,0.0,0.0,0.0
33,0.0,0.0,0.0,0.0,0.0,0.0,0.0,0.0,0.0,0.0,0.0,0.0
34,0.0,0.0,0.0,0.0,0.0,0.0,0.0,0.0,0.0,0.0,0.0,0.0
35,0.0,0.0,0.0,0.0,0.0,0.0,0.0,0.0,0.0,0.0,0.0,0.0
36,0.0,0.0,0.0,0.0,0.0,0.0,0.0,0.0,0.0,0.0,0.0,0.0
37,0.0,0.0,0.0,0.0,0.0,0.0,0.0,0.0,0.0,0.0,0.0,0.0
38,0.0,0.0,0.0,0.0,0.0,0.0,0.0,0.0,0.0,0.0,0.0,0.0
39,0.0,0.0,0.0,0.0,0.0,0.0,0.0,0.0,0.0,0.0,0.0,0.0
40,0.0,0.0,0.0,0.0,0.0,0.0,0.0,0.0,0.0,0.0,0.0,0.0
41,0.0,0.0,0.0,0.0,0.0,0.0,0.0,0.0,0.0,0.0,0.0,0.0
42,0.0,0.0,0.0,0.0,0.0,0.0,0.0,0.0,0.0,0.0,0.0,0.0
43,0.0,0.0,0.0,0.0,0.0,0.0,0.0,0.0,0.0,0.0,0.0,0.0
44,0.0,0.0,0.0,0.0,0.0,0.0,0.0,0.0,0.0,0.0,0.0,0.0
45,0.0,0.0,0.0,0.0,0.0,0.0,0.0,0.0,0.0,0.0,0.0,0.0
46,0.0,0.0,0.0,0.0,0.0,0.0,0.0,0.0,0.0,0.0,0.0,0.0
47,0.0,0.0,0.0,0.0,0.0,0.0,0.0,0.0,0.0,0.0,0.0,0.0
48,0.0,0.0,0.0,0.0,0.0,0.0,0.0,0.0,0.0,0.0,0.0,0.0
49,0.0,0.0,0.0,0.0,0.0,0.0,0.0,0.0,0.0,0.0,0.0,0.0
50,0.0,0.0,0.0,0.0,0.0,0.0,0.0,0.0,0.0,0.0,0.0,0.0
51,0.0,0.0,0.0,0.0,0.0,0.0,0.0,0.0,0.0,0.0,0.0,0.0
52,0.0,0.0,0.0,0.0,0.0,0.0,0.0,0.0,0.0,0.0,0.0,0.0
53,0.0,0.0,0.0,0.0,0.0,0.0,0.0,0.0,0.0,0.0,0.0,0.0
54,0.0,0.0,0.0,0.0,0.0,0.0,0.0,0.0,0.0,0.0,0.0,0.0
55,0.0,0.0,0.0,0.0,0.0,0.0,0.0,0.0,0.0,0.0,0.0,0.0
56,0.0,0.0,0.0,0.0,0.0,0.0,0.0,0.0,0.0,0.0,0.0,0.0
57,0.0,0.0,0.0,0.0,0.0,0.0,0.0,0.0,0.0,0.0,0.0,0.0
58,0.0,0.0,0.0,0.0,0.0,0.0,0.0,0.0,0.0,0.0,0.0,0.0
59,0.0,0.0,0.0,0.0,0.0,0.0,0.0,0.0,0.0,0.0,0.0,0.0
60,0.0,0.0,0.0,0.0,0.0,0.0,0.0,0.0,0.0,0.0,0.0,0.0
61,0.0,0.0,0.0,0.0,0.0,0.0,0.0,0.0,0.0,0.0,0.0,0.0
62,0.0,0.0,0.0,0.0,0.0,0.0,0.0,0.0,0.0,0.0,0.0,0.0
63,0.0,0.0,0.0,0.0,0.0,0.0,0.0,0.0,0.0,0.0,0.0,0.0
64,0.0,0.0,0.0,0.0,0.0,0.0,0.0,0.0,0.0,0.0,0.0,0.0
65,0.0,0.0,0.0,0.0,0.0,0.0,0.0,0.0,0.0,0.0,0.0,0.0
66,0.0,0.0,0.0,0.0,0.0,0.0,0.0,0.0,0.0,0.0,0.0,0.0
67,0.0,0.0,0.0,0.0,0.0,0.0,0.0,0.0,0.0,0.0,0.0,0.0
68,0.0,0.0,0.0,0.0,0.0,0.0,0.0,0.0,0.0,0.0,0.0,0.0
69,0.0,0.0,0.0,0.0,0.0,0.0,0.0,0.0,0.0,0.0,0.0,0.0
70,0.0,0.0,0.0,0.0,0.0,0.0,0.0,0.0,0.0,0.0,0.0,0.0
71,0.0,0.0,0.0,0.0,0.0,0.0,0.0,0.0,0.0,0.0,0.0,0.0
72,0.0,0.0,0.0,0.0,0.0,0.0,0.0,0.0,0.0,0.0,0.0,0.0
73,0.0,0.0,0.0,0.0,0.0,0.0,0.0,0.0,0.0,0.0,0.0,0.0
74,0.0,0.0,0.0,0.0,0.0,0.0,0.0,0.0,0.0,0.0,0.0,0.0
