,0,1,2,3,4,5,6,7,8,9,10,11
0,50.11256637168142,53.60141592920353,46.14796460176991,49.95398230088495,47.575221238938056,48.685309734513275,47.575221238938056,50.905486725663714,57.7246017699115,69.77699115044248,79.45061946902655,76.59610619469026
1,50.271150442477875,53.44283185840708,45.51362831858407,50.11256637168142,47.575221238938056,48.685309734513275,48.36814159292035,51.381238938053095,58.20035398230088,69.77699115044248,79.45061946902655,76.59610619469026
2,50.271150442477875,53.44283185840708,45.672212389380526,49.795398230088495,47.41663716814159,48.84389380530973,48.685309734513275,51.69840707964602,58.83469026548672,69.618407079646,79.45061946902655,76.59610619469026
3,49.795398230088495,53.76,45.672212389380526,49.95398230088495,47.575221238938056,49.00247787610619,49.319646017699114,52.1741592920354,59.62761061946903,69.45982300884955,79.45061946902655,76.27893805309733
4,50.42973451327433,53.76,45.51362831858407,50.11256637168142,47.575221238938056,48.84389380530973,49.795398230088495,52.80849557522124,60.26194690265487,69.14265486725662,79.45061946902655,75.96176991150442
5,50.905486725663714,53.44283185840708,45.83079646017699,50.271150442477875,47.575221238938056,48.685309734513275,50.42973451327433,53.12566371681415,60.8962831858407,69.3012389380531,79.609203539823,75.96176991150442
6,50.905486725663714,53.76,46.30654867256637,50.271150442477875,47.575221238938056,48.84389380530973,50.58831858407079,53.76,61.68920353982301,69.14265486725662,79.13345132743362,75.96176991150442
7,51.06407079646017,53.44283185840708,46.30654867256637,50.42973451327433,47.575221238938056,48.52672566371681,51.381238938053095,54.39433628318584,62.79929203539823,69.14265486725662,78.8162831858407,76.12035398230088
8,51.22265486725664,53.60141592920353,46.623716814159295,50.42973451327433,47.258053097345126,48.685309734513275,52.01557522123893,54.87008849557522,63.27504424778761,68.66690265486724,78.34053097345132,76.12035398230088
9,51.381238938053095,53.60141592920353,46.623716814159295,50.271150442477875,47.099469026548675,48.84389380530973,52.491327433628314,55.18725663716814,63.75079646017699,68.03256637168141,78.18194690265486,75.80318584070795
10,51.53982300884955,53.60141592920353,46.782300884955745,50.11256637168142,47.41663716814159,48.84389380530973,52.967079646017694,55.82159292035398,64.22654867256638,67.23964601769912,77.70619469026548,75.6446017699115
11,51.53982300884955,53.918584070796456,47.41663716814159,50.58831858407079,47.258053097345126,48.84389380530973,53.44283185840708,56.29734513274336,64.86088495575221,66.9224778761062,77.07185840707965,0.0
12,51.69840707964602,53.76,0.0,50.11256637168142,47.41663716814159,48.52672566371681,54.07716814159292,56.61451327433628,65.49522123893804,66.60530973451327,76.59610619469026,0.0
13,51.53982300884955,53.918584070796456,0.0,50.42973451327433,47.258053097345126,48.84389380530973,54.71150442477876,57.09026548672567,66.28814159292035,66.28814159292035,76.4375221238938,0.0
14,51.856991150442475,54.23575221238938,0.0,50.58831858407079,46.94088495575221,0.0,55.02867256637168,57.88318584070796,67.08106194690265,66.12955752212389,75.96176991150442,0.0
15,52.1741592920354,54.23575221238938,0.0,50.58831858407079,47.099469026548675,0.0,55.3458407079646,58.35893805309734,67.7153982300885,65.49522123893804,75.32743362831859,0.0
16,52.491327433628314,54.39433628318584,0.0,50.271150442477875,46.94088495575221,0.0,55.98017699115044,58.67610619469027,68.50831858407079,65.33663716814159,75.16884955752212,0.0
17,52.967079646017694,54.71150442477876,0.0,50.42973451327433,46.782300884955745,0.0,56.29734513274336,0.0,0.0,65.01946902654866,0.0,0.0
18,54.23575221238938,54.87008849557522,0.0,50.11256637168142,47.099469026548675,0.0,56.45592920353982,0.0,0.0,64.54371681415928,0.0,0.0
19,54.07716814159292,55.18725663716814,0.0,50.271150442477875,0.0,0.0,56.77309734513274,0.0,0.0,63.90938053097345,0.0,0.0
20,54.39433628318584,55.504424778761056,0.0,50.271150442477875,0.0,0.0,57.09026548672567,0.0,0.0,63.90938053097345,0.0,0.0
21,54.5529203539823,56.1387610619469,0.0,50.11256637168142,0.0,0.0,57.40743362831858,0.0,0.0,63.27504424778761,0.0,0.0
22,55.02867256637168,56.1387610619469,0.0,0.0,0.0,0.0,57.56601769911505,0.0,0.0,62.95787610619469,0.0,0.0
23,55.02867256637168,56.29734513274336,0.0,0.0,0.0,0.0,57.7246017699115,0.0,0.0,62.64070796460177,0.0,0.0
24,54.87008849557522,0.0,0.0,0.0,0.0,0.0,57.88318584070796,0.0,0.0,62.79929203539823,0.0,0.0
25,55.3458407079646,0.0,0.0,0.0,0.0,0.0,58.35893805309734,0.0,0.0,62.48212389380531,0.0,0.0
26,55.504424778761056,0.0,0.0,0.0,0.0,0.0,0.0,0.0,0.0,62.48212389380531,0.0,0.0
27,55.98017699115044,0.0,0.0,0.0,0.0,0.0,0.0,0.0,0.0,62.64070796460177,0.0,0.0
28,56.1387610619469,0.0,0.0,0.0,0.0,0.0,0.0,0.0,0.0,63.11646017699114,0.0,0.0
29,55.3458407079646,0.0,0.0,0.0,0.0,0.0,0.0,0.0,0.0,63.43362831858407,0.0,0.0
30,56.45592920353982,0.0,0.0,0.0,0.0,0.0,0.0,0.0,0.0,63.43362831858407,0.0,0.0
31,56.77309734513274,0.0,0.0,0.0,0.0,0.0,0.0,0.0,0.0,0.0,0.0,0.0
32,0.0,0.0,0.0,0.0,0.0,0.0,0.0,0.0,0.0,0.0,0.0,0.0
33,0.0,0.0,0.0,0.0,0.0,0.0,0.0,0.0,0.0,0.0,0.0,0.0
34,0.0,0.0,0.0,0.0,0.0,0.0,0.0,0.0,0.0,0.0,0.0,0.0
35,0.0,0.0,0.0,0.0,0.0,0.0,0.0,0.0,0.0,0.0,0.0,0.0
36,0.0,0.0,0.0,0.0,0.0,0.0,0.0,0.0,0.0,0.0,0.0,0.0
37,0.0,0.0,0.0,0.0,0.0,0.0,0.0,0.0,0.0,0.0,0.0,0.0
38,0.0,0.0,0.0,0.0,0.0,0.0,0.0,0.0,0.0,0.0,0.0,0.0
39,0.0,0.0,0.0,0.0,0.0,0.0,0.0,0.0,0.0,0.0,0.0,0.0
40,0.0,0.0,0.0,0.0,0.0,0.0,0.0,0.0,0.0,0.0,0.0,0.0
41,0.0,0.0,0.0,0.0,0.0,0.0,0.0,0.0,0.0,0.0,0.0,0.0
42,0.0,0.0,0.0,0.0,0.0,0.0,0.0,0.0,0.0,0.0,0.0,0.0
43,0.0,0.0,0.0,0.0,0.0,0.0,0.0,0.0,0.0,0.0,0.0,0.0
44,0.0,0.0,0.0,0.0,0.0,0.0,0.0,0.0,0.0,0.0,0.0,0.0
45,0.0,0.0,0.0,0.0,0.0,0.0,0.0,0.0,0.0,0.0,0.0,0.0
46,0.0,0.0,0.0,0.0,0.0,0.0,0.0,0.0,0.0,0.0,0.0,0.0
47,0.0,0.0,0.0,0.0,0.0,0.0,0.0,0.0,0.0,0.0,0.0,0.0
48,0.0,0.0,0.0,0.0,0.0,0.0,0.0,0.0,0.0,0.0,0.0,0.0
49,0.0,0.0,0.0,0.0,0.0,0.0,0.0,0.0,0.0,0.0,0.0,0.0
50,0.0,0.0,0.0,0.0,0.0,0.0,0.0,0.0,0.0,0.0,0.0,0.0
51,0.0,0.0,0.0,0.0,0.0,0.0,0.0,0.0,0.0,0.0,0.0,0.0
52,0.0,0.0,0.0,0.0,0.0,0.0,0.0,0.0,0.0,0.0,0.0,0.0
53,0.0,0.0,0.0,0.0,0.0,0.0,0.0,0.0,0.0,0.0,0.0,0.0
54,0.0,0.0,0.0,0.0,0.0,0.0,0.0,0.0,0.0,0.0,0.0,0.0
55,0.0,0.0,0.0,0.0,0.0,0.0,0.0,0.0,0.0,0.0,0.0,0.0
56,0.0,0.0,0.0,0.0,0.0,0.0,0.0,0.0,0.0,0.0,0.0,0.0
57,0.0,0.0,0.0,0.0,0.0,0.0,0.0,0.0,0.0,0.0,0.0,0.0
58,0.0,0.0,0.0,0.0,0.0,0.0,0.0,0.0,0.0,0.0,0.0,0.0
59,0.0,0.0,0.0,0.0,0.0,0.0,0.0,0.0,0.0,0.0,0.0,0.0
60,0.0,0.0,0.0,0.0,0.0,0.0,0.0,0.0,0.0,0.0,0.0,0.0
61,0.0,0.0,0.0,0.0,0.0,0.0,0.0,0.0,0.0,0.0,0.0,0.0
62,0.0,0.0,0.0,0.0,0.0,0.0,0.0,0.0,0.0,0.0,0.0,0.0
63,0.0,0.0,0.0,0.0,0.0,0.0,0.0,0.0,0.0,0.0,0.0,0.0
64,0.0,0.0,0.0,0.0,0.0,0.0,0.0,0.0,0.0,0.0,0.0,0.0
65,0.0,0.0,0.0,0.0,0.0,0.0,0.0,0.0,0.0,0.0,0.0,0.0
66,0.0,0.0,0.0,0.0,0.0,0.0,0.0,0.0,0.0,0.0,0.0,0.0
67,0.0,0.0,0.0,0.0,0.0,0.0,0.0,0.0,0.0,0.0,0.0,0.0
68,0.0,0.0,0.0,0.0,0.0,0.0,0.0,0.0,0.0,0.0,0.0,0.0
69,0.0,0.0,0.0,0.0,0.0,0.0,0.0,0.0,0.0,0.0,0.0,0.0
70,0.0,0.0,0.0,0.0,0.0,0.0,0.0,0.0,0.0,0.0,0.0,0.0
71,0.0,0.0,0.0,0.0,0.0,0.0,0.0,0.0,0.0,0.0,0.0,0.0
72,0.0,0.0,0.0,0.0,0.0,0.0,0.0,0.0,0.0,0.0,0.0,0.0
73,0.0,0.0,0.0,0.0,0.0,0.0,0.0,0.0,0.0,0.0,0.0,0.0
74,0.0,0.0,0.0,0.0,0.0,0.0,0.0,0.0,0.0,0.0,0.0,0.0
