,0,1,2,3,4,5,6,7,8,9,10,11
0,63.55271375464684,71.14706319702603,48.16416356877323,57.55717472118958,60.554944237918214,50.762230483271374,55.55866171003717,60.75479553903346,64.15226765799257,63.55271375464684,62.953159851301116,55.958364312267655
1,65.35137546468401,72.54602230483272,48.36401486988847,57.55717472118958,60.355092936802976,50.762230483271374,55.55866171003717,60.9546468401487,64.35211895910781,63.752565055762076,62.75330855018587,55.958364312267655
2,66.7503345724907,73.14557620817843,53.16044609665427,57.357323420074344,60.554944237918214,50.562379182156135,55.55866171003717,60.75479553903346,64.15226765799257,63.55271375464684,62.953159851301116,55.55866171003717
3,67.74959107806691,73.54527881040892,54.559405204460965,57.357323420074344,60.554944237918214,50.562379182156135,55.75851301115241,60.9546468401487,64.55197026022304,63.35286245353159,62.953159851301116,55.75851301115241
4,68.94869888475836,73.94498141263941,55.15895910780669,57.357323420074344,60.554944237918214,50.36252788104089,55.55866171003717,61.15449814126394,64.75182156133829,63.55271375464684,62.75330855018587,55.75851301115241
5,69.34840148698885,73.94498141263941,55.55866171003717,57.357323420074344,60.355092936802976,50.36252788104089,55.75851301115241,60.9546468401487,64.55197026022304,63.35286245353159,62.953159851301116,55.75851301115241
6,69.74810408921932,74.74438661710037,54.95910780669145,57.75702602230483,60.355092936802976,50.16267657992565,55.55866171003717,61.15449814126394,64.55197026022304,62.75330855018587,62.35360594795539,55.55866171003717
7,69.74810408921932,75.3439405204461,54.95910780669145,57.357323420074344,60.355092936802976,50.16267657992565,55.55866171003717,61.15449814126394,64.75182156133829,62.953159851301116,62.55345724907063,55.55866171003717
8,69.74810408921932,75.3439405204461,54.559405204460965,57.357323420074344,60.15524163568773,50.16267657992565,55.75851301115241,61.15449814126394,64.75182156133829,62.953159851301116,62.55345724907063,55.55866171003717
9,69.74810408921932,75.54379182156134,54.759256505576204,57.357323420074344,60.355092936802976,50.16267657992565,55.75851301115241,61.15449814126394,64.55197026022304,62.953159851301116,62.55345724907063,55.55866171003717
10,70.14780669144982,75.74364312267657,55.15895910780669,57.55717472118958,60.15524163568773,50.16267657992565,55.958364312267655,61.15449814126394,64.55197026022304,62.75330855018587,62.55345724907063,55.35881040892193
11,70.14780669144982,75.94349442379182,55.15895910780669,57.55717472118958,60.15524163568773,50.562379182156135,55.958364312267655,60.9546468401487,64.75182156133829,62.75330855018587,62.15375464684015,55.55866171003717
12,70.54750929368029,75.94349442379182,0.0,57.75702602230483,60.355092936802976,50.562379182156135,55.55866171003717,60.9546468401487,64.55197026022304,62.75330855018587,62.55345724907063,55.55866171003717
13,70.74736059479554,76.3431970260223,0.0,57.956877323420066,60.554944237918214,50.762230483271374,55.75851301115241,61.15449814126394,64.75182156133829,62.55345724907063,62.35360594795539,55.35881040892193
14,70.94721189591077,76.14334572490706,0.0,57.956877323420066,60.554944237918214,50.562379182156135,55.958364312267655,61.15449814126394,64.75182156133829,62.75330855018587,62.15375464684015,55.55866171003717
15,71.14706319702603,76.3431970260223,0.0,57.956877323420066,60.554944237918214,50.562379182156135,55.958364312267655,61.35434944237918,64.95167286245353,62.75330855018587,62.35360594795539,55.35881040892193
16,71.5467657992565,77.14260223048326,0.0,58.15672862453532,60.554944237918214,50.96208178438662,56.15821561338289,61.55420074349442,64.95167286245353,62.953159851301116,62.55345724907063,55.55866171003717
17,71.74661710037174,76.94275092936803,0.0,57.956877323420066,60.554944237918214,0.0,56.15821561338289,61.35434944237918,65.15152416356877,62.75330855018587,62.55345724907063,55.35881040892193
18,72.34617100371746,77.14260223048326,0.0,58.15672862453532,60.554944237918214,0.0,55.958364312267655,61.15449814126394,64.95167286245353,62.953159851301116,62.55345724907063,0.0
19,71.946468401487,76.54304832713754,0.0,58.15672862453532,60.554944237918214,0.0,56.15821561338289,61.35434944237918,65.15152416356877,62.75330855018587,62.55345724907063,0.0
20,72.54602230483272,0.0,0.0,58.35657992565055,60.75479553903346,0.0,56.35806691449814,61.55420074349442,0.0,62.55345724907063,62.15375464684015,0.0
21,72.34617100371746,0.0,0.0,58.35657992565055,0.0,0.0,56.55791821561338,61.754052044609665,0.0,62.55345724907063,0.0,0.0
22,72.54602230483272,0.0,0.0,58.15672862453532,0.0,0.0,56.55791821561338,61.55420074349442,0.0,0.0,0.0,0.0
23,72.54602230483272,0.0,0.0,58.15672862453532,0.0,0.0,56.35806691449814,61.35434944237918,0.0,0.0,0.0,0.0
24,72.74587360594795,0.0,0.0,57.956877323420066,0.0,0.0,56.35806691449814,61.754052044609665,0.0,0.0,0.0,0.0
25,72.9457249070632,0.0,0.0,57.956877323420066,0.0,0.0,56.35806691449814,61.754052044609665,0.0,0.0,0.0,0.0
26,73.54527881040892,0.0,0.0,57.956877323420066,0.0,0.0,56.35806691449814,61.55420074349442,0.0,0.0,0.0,0.0
27,74.14483271375465,0.0,0.0,58.15672862453532,0.0,0.0,56.35806691449814,0.0,0.0,0.0,0.0,0.0
28,74.54453531598513,0.0,0.0,58.15672862453532,0.0,0.0,56.55791821561338,0.0,0.0,0.0,0.0,0.0
29,0.0,0.0,0.0,57.956877323420066,0.0,0.0,56.55791821561338,0.0,0.0,0.0,0.0,0.0
30,0.0,0.0,0.0,58.15672862453532,0.0,0.0,56.55791821561338,0.0,0.0,0.0,0.0,0.0
31,0.0,0.0,0.0,58.15672862453532,0.0,0.0,56.55791821561338,0.0,0.0,0.0,0.0,0.0
32,0.0,0.0,0.0,0.0,0.0,0.0,56.35806691449814,0.0,0.0,0.0,0.0,0.0
33,0.0,0.0,0.0,0.0,0.0,0.0,56.35806691449814,0.0,0.0,0.0,0.0,0.0
34,0.0,0.0,0.0,0.0,0.0,0.0,56.35806691449814,0.0,0.0,0.0,0.0,0.0
35,0.0,0.0,0.0,0.0,0.0,0.0,56.55791821561338,0.0,0.0,0.0,0.0,0.0
36,0.0,0.0,0.0,0.0,0.0,0.0,56.35806691449814,0.0,0.0,0.0,0.0,0.0
37,0.0,0.0,0.0,0.0,0.0,0.0,56.55791821561338,0.0,0.0,0.0,0.0,0.0
38,0.0,0.0,0.0,0.0,0.0,0.0,56.55791821561338,0.0,0.0,0.0,0.0,0.0
39,0.0,0.0,0.0,0.0,0.0,0.0,56.55791821561338,0.0,0.0,0.0,0.0,0.0
40,0.0,0.0,0.0,0.0,0.0,0.0,56.35806691449814,0.0,0.0,0.0,0.0,0.0
41,0.0,0.0,0.0,0.0,0.0,0.0,56.55791821561338,0.0,0.0,0.0,0.0,0.0
42,0.0,0.0,0.0,0.0,0.0,0.0,56.55791821561338,0.0,0.0,0.0,0.0,0.0
43,0.0,0.0,0.0,0.0,0.0,0.0,0.0,0.0,0.0,0.0,0.0,0.0
44,0.0,0.0,0.0,0.0,0.0,0.0,0.0,0.0,0.0,0.0,0.0,0.0
45,0.0,0.0,0.0,0.0,0.0,0.0,0.0,0.0,0.0,0.0,0.0,0.0
46,0.0,0.0,0.0,0.0,0.0,0.0,0.0,0.0,0.0,0.0,0.0,0.0
47,0.0,0.0,0.0,0.0,0.0,0.0,0.0,0.0,0.0,0.0,0.0,0.0
48,0.0,0.0,0.0,0.0,0.0,0.0,0.0,0.0,0.0,0.0,0.0,0.0
49,0.0,0.0,0.0,0.0,0.0,0.0,0.0,0.0,0.0,0.0,0.0,0.0
50,0.0,0.0,0.0,0.0,0.0,0.0,0.0,0.0,0.0,0.0,0.0,0.0
51,0.0,0.0,0.0,0.0,0.0,0.0,0.0,0.0,0.0,0.0,0.0,0.0
52,0.0,0.0,0.0,0.0,0.0,0.0,0.0,0.0,0.0,0.0,0.0,0.0
53,0.0,0.0,0.0,0.0,0.0,0.0,0.0,0.0,0.0,0.0,0.0,0.0
54,0.0,0.0,0.0,0.0,0.0,0.0,0.0,0.0,0.0,0.0,0.0,0.0
55,0.0,0.0,0.0,0.0,0.0,0.0,0.0,0.0,0.0,0.0,0.0,0.0
56,0.0,0.0,0.0,0.0,0.0,0.0,0.0,0.0,0.0,0.0,0.0,0.0
57,0.0,0.0,0.0,0.0,0.0,0.0,0.0,0.0,0.0,0.0,0.0,0.0
58,0.0,0.0,0.0,0.0,0.0,0.0,0.0,0.0,0.0,0.0,0.0,0.0
59,0.0,0.0,0.0,0.0,0.0,0.0,0.0,0.0,0.0,0.0,0.0,0.0
60,0.0,0.0,0.0,0.0,0.0,0.0,0.0,0.0,0.0,0.0,0.0,0.0
61,0.0,0.0,0.0,0.0,0.0,0.0,0.0,0.0,0.0,0.0,0.0,0.0
62,0.0,0.0,0.0,0.0,0.0,0.0,0.0,0.0,0.0,0.0,0.0,0.0
63,0.0,0.0,0.0,0.0,0.0,0.0,0.0,0.0,0.0,0.0,0.0,0.0
64,0.0,0.0,0.0,0.0,0.0,0.0,0.0,0.0,0.0,0.0,0.0,0.0
65,0.0,0.0,0.0,0.0,0.0,0.0,0.0,0.0,0.0,0.0,0.0,0.0
66,0.0,0.0,0.0,0.0,0.0,0.0,0.0,0.0,0.0,0.0,0.0,0.0
67,0.0,0.0,0.0,0.0,0.0,0.0,0.0,0.0,0.0,0.0,0.0,0.0
68,0.0,0.0,0.0,0.0,0.0,0.0,0.0,0.0,0.0,0.0,0.0,0.0
69,0.0,0.0,0.0,0.0,0.0,0.0,0.0,0.0,0.0,0.0,0.0,0.0
70,0.0,0.0,0.0,0.0,0.0,0.0,0.0,0.0,0.0,0.0,0.0,0.0
71,0.0,0.0,0.0,0.0,0.0,0.0,0.0,0.0,0.0,0.0,0.0,0.0
72,0.0,0.0,0.0,0.0,0.0,0.0,0.0,0.0,0.0,0.0,0.0,0.0
73,0.0,0.0,0.0,0.0,0.0,0.0,0.0,0.0,0.0,0.0,0.0,0.0
74,0.0,0.0,0.0,0.0,0.0,0.0,0.0,0.0,0.0,0.0,0.0,0.0
