,0,1,2,3,4,5,6,7,8,9,10,11
0,87.3350185873606,83.13814126394053,85.53635687732341,57.357323420074344,70.74736059479554,59.355836431226756,55.55866171003717,65.15152416356877,65.15152416356877,70.74736059479554,66.55048327137547,68.94869888475836
1,87.13516728624535,82.93828996282528,85.53635687732341,57.15747211895911,71.5467657992565,59.355836431226756,56.15821561338289,65.35137546468401,65.35137546468401,70.54750929368029,66.7503345724907,69.1485501858736
2,87.53486988847582,83.13814126394053,85.53635687732341,57.75702602230483,71.14706319702603,59.55568773234201,56.15821561338289,65.35137546468401,65.35137546468401,70.54750929368029,66.35063197026022,68.74884758364311
3,87.73472118959107,83.13814126394053,85.73620817843866,56.95762081784386,70.74736059479554,59.55568773234201,55.55866171003717,65.55122676579926,65.35137546468401,70.54750929368029,66.35063197026022,68.54899628252788
4,87.73472118959107,83.13814126394053,85.53635687732341,57.956877323420066,70.74736059479554,59.55568773234201,55.75851301115241,65.35137546468401,65.35137546468401,70.54750929368029,66.35063197026022,68.14929368029739
5,87.93457249070632,83.33799256505576,85.9360594795539,57.956877323420066,70.74736059479554,59.75553903345724,55.958364312267655,65.7510780669145,65.7510780669145,70.54750929368029,66.15078066914498,68.34914498141264
6,87.93457249070632,83.33799256505576,85.73620817843866,57.75702602230483,69.94795539033457,59.95539033457249,55.75851301115241,65.55122676579926,65.55122676579926,70.34765799256505,66.15078066914498,68.14929368029739
7,87.93457249070632,83.537843866171,86.33576208178438,57.956877323420066,69.54825278810408,60.15524163568773,55.958364312267655,65.35137546468401,65.35137546468401,70.34765799256505,65.55122676579926,68.14929368029739
8,88.93382899628253,84.73695167286245,86.9353159851301,57.55717472118958,69.94795539033457,60.15524163568773,55.958364312267655,65.35137546468401,65.35137546468401,70.34765799256505,65.7510780669145,68.14929368029739
9,89.53338289962825,85.73620817843866,87.93457249070632,57.75702602230483,69.34840148698885,60.554944237918214,56.15821561338289,65.35137546468401,65.55122676579926,70.34765799256505,65.7510780669145,67.94944237918216
10,90.33278810408922,86.9353159851301,88.73397769516728,58.15672862453532,68.94869888475836,60.355092936802976,55.958364312267655,65.15152416356877,65.35137546468401,70.34765799256505,65.55122676579926,67.74959107806691
11,90.33278810408922,87.13516728624535,88.93382899628253,58.15672862453532,68.94869888475836,0.0,55.55866171003717,65.15152416356877,65.15152416356877,70.34765799256505,0.0,0.0
12,90.53263940520446,87.3350185873606,88.73397769516728,58.15672862453532,0.0,0.0,55.75851301115241,64.95167286245353,65.15152416356877,0.0,0.0,0.0
13,90.53263940520446,87.53486988847582,88.73397769516728,0.0,0.0,0.0,55.35881040892193,64.55197026022304,0.0,0.0,0.0,0.0
14,90.73249070631971,87.73472118959107,89.13368029739776,0.0,0.0,0.0,55.35881040892193,64.55197026022304,0.0,0.0,0.0,0.0
15,90.53263940520446,87.73472118959107,89.13368029739776,0.0,0.0,0.0,0.0,0.0,0.0,0.0,0.0,0.0
16,90.53263940520446,88.13442379182156,89.333531598513,0.0,0.0,0.0,0.0,0.0,0.0,0.0,0.0,0.0
17,90.33278810408922,87.93457249070632,89.333531598513,0.0,0.0,0.0,0.0,0.0,0.0,0.0,0.0,0.0
18,90.33278810408922,87.73472118959107,88.93382899628253,0.0,0.0,0.0,0.0,0.0,0.0,0.0,0.0,0.0
19,90.53263940520446,88.13442379182156,0.0,0.0,0.0,0.0,0.0,0.0,0.0,0.0,0.0,0.0
20,91.53189591078066,88.93382899628253,0.0,0.0,0.0,0.0,0.0,0.0,0.0,0.0,0.0,0.0
21,91.53189591078066,89.13368029739776,0.0,0.0,0.0,0.0,0.0,0.0,0.0,0.0,0.0,0.0
22,91.53189591078066,0.0,0.0,0.0,0.0,0.0,0.0,0.0,0.0,0.0,0.0,0.0
23,92.1314498141264,0.0,0.0,0.0,0.0,0.0,0.0,0.0,0.0,0.0,0.0,0.0
24,0.0,0.0,0.0,0.0,0.0,0.0,0.0,0.0,0.0,0.0,0.0,0.0
25,0.0,0.0,0.0,0.0,0.0,0.0,0.0,0.0,0.0,0.0,0.0,0.0
26,0.0,0.0,0.0,0.0,0.0,0.0,0.0,0.0,0.0,0.0,0.0,0.0
27,0.0,0.0,0.0,0.0,0.0,0.0,0.0,0.0,0.0,0.0,0.0,0.0
28,0.0,0.0,0.0,0.0,0.0,0.0,0.0,0.0,0.0,0.0,0.0,0.0
29,0.0,0.0,0.0,0.0,0.0,0.0,0.0,0.0,0.0,0.0,0.0,0.0
30,0.0,0.0,0.0,0.0,0.0,0.0,0.0,0.0,0.0,0.0,0.0,0.0
31,0.0,0.0,0.0,0.0,0.0,0.0,0.0,0.0,0.0,0.0,0.0,0.0
32,0.0,0.0,0.0,0.0,0.0,0.0,0.0,0.0,0.0,0.0,0.0,0.0
33,0.0,0.0,0.0,0.0,0.0,0.0,0.0,0.0,0.0,0.0,0.0,0.0
34,0.0,0.0,0.0,0.0,0.0,0.0,0.0,0.0,0.0,0.0,0.0,0.0
35,0.0,0.0,0.0,0.0,0.0,0.0,0.0,0.0,0.0,0.0,0.0,0.0
36,0.0,0.0,0.0,0.0,0.0,0.0,0.0,0.0,0.0,0.0,0.0,0.0
37,0.0,0.0,0.0,0.0,0.0,0.0,0.0,0.0,0.0,0.0,0.0,0.0
38,0.0,0.0,0.0,0.0,0.0,0.0,0.0,0.0,0.0,0.0,0.0,0.0
39,0.0,0.0,0.0,0.0,0.0,0.0,0.0,0.0,0.0,0.0,0.0,0.0
40,0.0,0.0,0.0,0.0,0.0,0.0,0.0,0.0,0.0,0.0,0.0,0.0
41,0.0,0.0,0.0,0.0,0.0,0.0,0.0,0.0,0.0,0.0,0.0,0.0
42,0.0,0.0,0.0,0.0,0.0,0.0,0.0,0.0,0.0,0.0,0.0,0.0
43,0.0,0.0,0.0,0.0,0.0,0.0,0.0,0.0,0.0,0.0,0.0,0.0
44,0.0,0.0,0.0,0.0,0.0,0.0,0.0,0.0,0.0,0.0,0.0,0.0
45,0.0,0.0,0.0,0.0,0.0,0.0,0.0,0.0,0.0,0.0,0.0,0.0
46,0.0,0.0,0.0,0.0,0.0,0.0,0.0,0.0,0.0,0.0,0.0,0.0
47,0.0,0.0,0.0,0.0,0.0,0.0,0.0,0.0,0.0,0.0,0.0,0.0
48,0.0,0.0,0.0,0.0,0.0,0.0,0.0,0.0,0.0,0.0,0.0,0.0
49,0.0,0.0,0.0,0.0,0.0,0.0,0.0,0.0,0.0,0.0,0.0,0.0
50,0.0,0.0,0.0,0.0,0.0,0.0,0.0,0.0,0.0,0.0,0.0,0.0
51,0.0,0.0,0.0,0.0,0.0,0.0,0.0,0.0,0.0,0.0,0.0,0.0
52,0.0,0.0,0.0,0.0,0.0,0.0,0.0,0.0,0.0,0.0,0.0,0.0
53,0.0,0.0,0.0,0.0,0.0,0.0,0.0,0.0,0.0,0.0,0.0,0.0
54,0.0,0.0,0.0,0.0,0.0,0.0,0.0,0.0,0.0,0.0,0.0,0.0
55,0.0,0.0,0.0,0.0,0.0,0.0,0.0,0.0,0.0,0.0,0.0,0.0
56,0.0,0.0,0.0,0.0,0.0,0.0,0.0,0.0,0.0,0.0,0.0,0.0
57,0.0,0.0,0.0,0.0,0.0,0.0,0.0,0.0,0.0,0.0,0.0,0.0
58,0.0,0.0,0.0,0.0,0.0,0.0,0.0,0.0,0.0,0.0,0.0,0.0
59,0.0,0.0,0.0,0.0,0.0,0.0,0.0,0.0,0.0,0.0,0.0,0.0
60,0.0,0.0,0.0,0.0,0.0,0.0,0.0,0.0,0.0,0.0,0.0,0.0
61,0.0,0.0,0.0,0.0,0.0,0.0,0.0,0.0,0.0,0.0,0.0,0.0
62,0.0,0.0,0.0,0.0,0.0,0.0,0.0,0.0,0.0,0.0,0.0,0.0
63,0.0,0.0,0.0,0.0,0.0,0.0,0.0,0.0,0.0,0.0,0.0,0.0
64,0.0,0.0,0.0,0.0,0.0,0.0,0.0,0.0,0.0,0.0,0.0,0.0
65,0.0,0.0,0.0,0.0,0.0,0.0,0.0,0.0,0.0,0.0,0.0,0.0
66,0.0,0.0,0.0,0.0,0.0,0.0,0.0,0.0,0.0,0.0,0.0,0.0
67,0.0,0.0,0.0,0.0,0.0,0.0,0.0,0.0,0.0,0.0,0.0,0.0
68,0.0,0.0,0.0,0.0,0.0,0.0,0.0,0.0,0.0,0.0,0.0,0.0
69,0.0,0.0,0.0,0.0,0.0,0.0,0.0,0.0,0.0,0.0,0.0,0.0
70,0.0,0.0,0.0,0.0,0.0,0.0,0.0,0.0,0.0,0.0,0.0,0.0
71,0.0,0.0,0.0,0.0,0.0,0.0,0.0,0.0,0.0,0.0,0.0,0.0
72,0.0,0.0,0.0,0.0,0.0,0.0,0.0,0.0,0.0,0.0,0.0,0.0
73,0.0,0.0,0.0,0.0,0.0,0.0,0.0,0.0,0.0,0.0,0.0,0.0
74,0.0,0.0,0.0,0.0,0.0,0.0,0.0,0.0,0.0,0.0,0.0,0.0
