,0,1,2,3,4,5,6,7,8,9,10,11
0,57.956877323420066,62.35360594795539,62.55345724907063,64.95167286245353,76.54304832713754,75.14408921933085,45.965799256505576,55.15895910780669,47.564609665427504,54.15970260223048,49.962825278810406,48.16416356877323
1,58.15672862453532,62.15375464684015,62.35360594795539,64.55197026022304,76.74289962825279,75.3439405204461,46.165650557620815,55.15895910780669,46.96505576208178,53.959851301115236,49.962825278810406,47.564609665427504
2,57.75702602230483,61.754052044609665,62.15375464684015,64.55197026022304,76.94275092936803,75.14408921933085,46.165650557620815,55.15895910780669,47.16490706319703,53.959851301115236,50.16267657992565,47.96431226765799
3,57.75702602230483,61.35434944237918,61.9539033457249,64.75182156133829,77.94200743494423,75.3439405204461,45.965799256505576,55.15895910780669,46.765204460966544,53.959851301115236,49.962825278810406,47.96431226765799
4,57.75702602230483,61.754052044609665,61.55420074349442,64.75182156133829,77.94200743494423,74.74438661710037,45.965799256505576,55.35881040892193,46.765204460966544,53.76,49.76297397769517,47.76446096654275
5,58.15672862453532,61.9539033457249,61.35434944237918,64.75182156133829,78.14185873605948,74.9442379182156,45.76594795539033,55.35881040892193,45.76594795539033,53.56014869888475,49.56312267657992,47.76446096654275
6,57.956877323420066,61.55420074349442,61.9539033457249,65.35137546468401,78.34171003717472,75.14408921933085,45.76594795539033,55.15895910780669,45.965799256505576,53.56014869888475,49.56312267657992,47.564609665427504
7,58.15672862453532,61.55420074349442,62.55345724907063,65.35137546468401,78.34171003717472,75.3439405204461,45.566096654275086,55.15895910780669,45.76594795539033,53.56014869888475,49.36327137546468,47.564609665427504
8,58.15672862453532,61.35434944237918,62.55345724907063,65.35137546468401,78.54156133828995,75.54379182156134,45.16639405204461,55.15895910780669,45.16639405204461,53.360297397769514,48.9635687732342,47.364758364312266
9,57.75702602230483,61.15449814126394,62.35360594795539,65.35137546468401,78.94126394052044,75.54379182156134,44.96654275092937,54.95910780669145,44.96654275092937,53.360297397769514,49.36327137546468,47.76446096654275
10,56.95762081784386,61.15449814126394,0.0,65.15152416356877,79.14111524163569,0.0,44.96654275092937,0.0,0.0,53.360297397769514,49.36327137546468,47.76446096654275
11,56.15821561338289,60.554944237918214,0.0,65.15152416356877,0.0,0.0,0.0,0.0,0.0,53.360297397769514,49.16342007434944,47.564609665427504
12,55.55866171003717,59.95539033457249,0.0,64.95167286245353,0.0,0.0,0.0,0.0,0.0,53.16044609665427,0.0,0.0
13,54.95910780669145,0.0,0.0,65.55122676579926,0.0,0.0,0.0,0.0,0.0,53.16044609665427,0.0,0.0
14,54.759256505576204,0.0,0.0,65.55122676579926,0.0,0.0,0.0,0.0,0.0,53.16044609665427,0.0,0.0
15,54.15970260223048,0.0,0.0,65.7510780669145,0.0,0.0,0.0,0.0,0.0,53.360297397769514,0.0,0.0
16,53.76,0.0,0.0,65.95092936802973,0.0,0.0,0.0,0.0,0.0,53.16044609665427,0.0,0.0
17,53.56014869888475,0.0,0.0,66.35063197026022,0.0,0.0,0.0,0.0,0.0,53.16044609665427,0.0,0.0
18,0.0,0.0,0.0,65.55122676579926,0.0,0.0,0.0,0.0,0.0,52.96059479553903,0.0,0.0
19,0.0,0.0,0.0,65.35137546468401,0.0,0.0,0.0,0.0,0.0,53.16044609665427,0.0,0.0
20,0.0,0.0,0.0,65.7510780669145,0.0,0.0,0.0,0.0,0.0,52.96059479553903,0.0,0.0
21,0.0,0.0,0.0,65.55122676579926,0.0,0.0,0.0,0.0,0.0,52.96059479553903,0.0,0.0
22,0.0,0.0,0.0,65.15152416356877,0.0,0.0,0.0,0.0,0.0,52.76074349442379,0.0,0.0
23,0.0,0.0,0.0,0.0,0.0,0.0,0.0,0.0,0.0,52.76074349442379,0.0,0.0
24,0.0,0.0,0.0,0.0,0.0,0.0,0.0,0.0,0.0,0.0,0.0,0.0
25,0.0,0.0,0.0,0.0,0.0,0.0,0.0,0.0,0.0,0.0,0.0,0.0
26,0.0,0.0,0.0,0.0,0.0,0.0,0.0,0.0,0.0,0.0,0.0,0.0
27,0.0,0.0,0.0,0.0,0.0,0.0,0.0,0.0,0.0,0.0,0.0,0.0
28,0.0,0.0,0.0,0.0,0.0,0.0,0.0,0.0,0.0,0.0,0.0,0.0
29,0.0,0.0,0.0,0.0,0.0,0.0,0.0,0.0,0.0,0.0,0.0,0.0
30,0.0,0.0,0.0,0.0,0.0,0.0,0.0,0.0,0.0,0.0,0.0,0.0
31,0.0,0.0,0.0,0.0,0.0,0.0,0.0,0.0,0.0,0.0,0.0,0.0
32,0.0,0.0,0.0,0.0,0.0,0.0,0.0,0.0,0.0,0.0,0.0,0.0
33,0.0,0.0,0.0,0.0,0.0,0.0,0.0,0.0,0.0,0.0,0.0,0.0
34,0.0,0.0,0.0,0.0,0.0,0.0,0.0,0.0,0.0,0.0,0.0,0.0
35,0.0,0.0,0.0,0.0,0.0,0.0,0.0,0.0,0.0,0.0,0.0,0.0
36,0.0,0.0,0.0,0.0,0.0,0.0,0.0,0.0,0.0,0.0,0.0,0.0
37,0.0,0.0,0.0,0.0,0.0,0.0,0.0,0.0,0.0,0.0,0.0,0.0
38,0.0,0.0,0.0,0.0,0.0,0.0,0.0,0.0,0.0,0.0,0.0,0.0
39,0.0,0.0,0.0,0.0,0.0,0.0,0.0,0.0,0.0,0.0,0.0,0.0
40,0.0,0.0,0.0,0.0,0.0,0.0,0.0,0.0,0.0,0.0,0.0,0.0
41,0.0,0.0,0.0,0.0,0.0,0.0,0.0,0.0,0.0,0.0,0.0,0.0
42,0.0,0.0,0.0,0.0,0.0,0.0,0.0,0.0,0.0,0.0,0.0,0.0
43,0.0,0.0,0.0,0.0,0.0,0.0,0.0,0.0,0.0,0.0,0.0,0.0
44,0.0,0.0,0.0,0.0,0.0,0.0,0.0,0.0,0.0,0.0,0.0,0.0
45,0.0,0.0,0.0,0.0,0.0,0.0,0.0,0.0,0.0,0.0,0.0,0.0
46,0.0,0.0,0.0,0.0,0.0,0.0,0.0,0.0,0.0,0.0,0.0,0.0
47,0.0,0.0,0.0,0.0,0.0,0.0,0.0,0.0,0.0,0.0,0.0,0.0
48,0.0,0.0,0.0,0.0,0.0,0.0,0.0,0.0,0.0,0.0,0.0,0.0
49,0.0,0.0,0.0,0.0,0.0,0.0,0.0,0.0,0.0,0.0,0.0,0.0
50,0.0,0.0,0.0,0.0,0.0,0.0,0.0,0.0,0.0,0.0,0.0,0.0
51,0.0,0.0,0.0,0.0,0.0,0.0,0.0,0.0,0.0,0.0,0.0,0.0
52,0.0,0.0,0.0,0.0,0.0,0.0,0.0,0.0,0.0,0.0,0.0,0.0
53,0.0,0.0,0.0,0.0,0.0,0.0,0.0,0.0,0.0,0.0,0.0,0.0
54,0.0,0.0,0.0,0.0,0.0,0.0,0.0,0.0,0.0,0.0,0.0,0.0
55,0.0,0.0,0.0,0.0,0.0,0.0,0.0,0.0,0.0,0.0,0.0,0.0
56,0.0,0.0,0.0,0.0,0.0,0.0,0.0,0.0,0.0,0.0,0.0,0.0
57,0.0,0.0,0.0,0.0,0.0,0.0,0.0,0.0,0.0,0.0,0.0,0.0
58,0.0,0.0,0.0,0.0,0.0,0.0,0.0,0.0,0.0,0.0,0.0,0.0
59,0.0,0.0,0.0,0.0,0.0,0.0,0.0,0.0,0.0,0.0,0.0,0.0
60,0.0,0.0,0.0,0.0,0.0,0.0,0.0,0.0,0.0,0.0,0.0,0.0
61,0.0,0.0,0.0,0.0,0.0,0.0,0.0,0.0,0.0,0.0,0.0,0.0
62,0.0,0.0,0.0,0.0,0.0,0.0,0.0,0.0,0.0,0.0,0.0,0.0
63,0.0,0.0,0.0,0.0,0.0,0.0,0.0,0.0,0.0,0.0,0.0,0.0
64,0.0,0.0,0.0,0.0,0.0,0.0,0.0,0.0,0.0,0.0,0.0,0.0
65,0.0,0.0,0.0,0.0,0.0,0.0,0.0,0.0,0.0,0.0,0.0,0.0
66,0.0,0.0,0.0,0.0,0.0,0.0,0.0,0.0,0.0,0.0,0.0,0.0
67,0.0,0.0,0.0,0.0,0.0,0.0,0.0,0.0,0.0,0.0,0.0,0.0
68,0.0,0.0,0.0,0.0,0.0,0.0,0.0,0.0,0.0,0.0,0.0,0.0
69,0.0,0.0,0.0,0.0,0.0,0.0,0.0,0.0,0.0,0.0,0.0,0.0
70,0.0,0.0,0.0,0.0,0.0,0.0,0.0,0.0,0.0,0.0,0.0,0.0
71,0.0,0.0,0.0,0.0,0.0,0.0,0.0,0.0,0.0,0.0,0.0,0.0
72,0.0,0.0,0.0,0.0,0.0,0.0,0.0,0.0,0.0,0.0,0.0,0.0
73,0.0,0.0,0.0,0.0,0.0,0.0,0.0,0.0,0.0,0.0,0.0,0.0
74,0.0,0.0,0.0,0.0,0.0,0.0,0.0,0.0,0.0,0.0,0.0,0.0
