,0,1,2,3,4,5,6,7,8,9,10,11
0,71.74661710037174,58.15672862453532,74.74438661710037,44.56684014869888,50.16267657992565,42.96802973977695,79.74066914498141,82.33873605947956,76.3431970260223,63.752565055762076,50.36252788104089,50.762230483271374
1,71.34691449814126,58.35657992565055,74.74438661710037,44.56684014869888,50.16267657992565,43.367732342007436,79.54081784386618,82.33873605947956,76.54304832713754,63.55271375464684,50.36252788104089,50.96208178438662
2,71.5467657992565,58.756282527881034,74.9442379182156,44.96654275092937,50.16267657992565,43.567583643122674,79.34096654275092,81.33947955390335,76.3431970260223,63.55271375464684,50.36252788104089,51.16193308550186
3,71.34691449814126,58.5564312267658,74.9442379182156,44.96654275092937,49.962825278810406,43.567583643122674,79.14111524163569,80.93977695167287,76.3431970260223,63.752565055762076,50.16267657992565,51.361784386617096
4,71.74661710037174,58.756282527881034,75.14408921933085,45.16639405204461,50.16267657992565,43.76743494423791,78.7414126394052,80.54007434944238,76.54304832713754,64.15226765799257,50.36252788104089,51.16193308550186
5,71.946468401487,59.355836431226756,74.74438661710037,45.366245353159854,50.36252788104089,43.96728624535316,78.14185873605948,80.1403717472119,76.14334572490706,64.15226765799257,50.36252788104089,51.16193308550186
6,71.74661710037174,59.355836431226756,75.14408921933085,45.76594795539033,50.96208178438662,44.36698884758364,78.14185873605948,79.94052044609664,76.14334572490706,63.95241635687732,50.562379182156135,50.96208178438662
7,71.74661710037174,59.55568773234201,75.14408921933085,45.965799256505576,51.16193308550186,44.766691449814125,77.742156133829,79.54081784386618,75.74364312267657,64.15226765799257,50.562379182156135,51.16193308550186
8,72.14631970260223,59.55568773234201,74.9442379182156,46.36550185873606,51.56163568773234,45.16639405204461,77.34245353159851,78.94126394052044,75.74364312267657,64.35211895910781,50.96208178438662,51.361784386617096
9,72.34617100371746,59.75553903345724,74.9442379182156,46.5653531598513,51.76148698884758,44.96654275092937,76.54304832713754,79.74066914498141,75.14408921933085,64.35211895910781,51.361784386617096,51.16193308550186
10,72.14631970260223,59.75553903345724,74.14483271375465,46.36550185873606,52.36104089219331,0.0,76.14334572490706,79.14111524163569,74.9442379182156,63.95241635687732,50.96208178438662,50.96208178438662
11,72.54602230483272,60.15524163568773,74.34468401486988,46.765204460966544,0.0,0.0,75.74364312267657,78.94126394052044,75.14408921933085,64.15226765799257,50.96208178438662,51.16193308550186
12,72.54602230483272,60.355092936802976,74.54453531598513,47.16490706319703,0.0,0.0,75.54379182156134,78.7414126394052,0.0,64.35211895910781,51.361784386617096,51.361784386617096
13,72.9457249070632,60.9546468401487,74.14483271375465,0.0,0.0,0.0,0.0,0.0,0.0,64.35211895910781,51.361784386617096,51.16193308550186
14,72.54602230483272,60.75479553903346,0.0,0.0,0.0,0.0,0.0,0.0,0.0,64.35211895910781,51.16193308550186,0.0
15,72.14631970260223,60.554944237918214,0.0,0.0,0.0,0.0,0.0,0.0,0.0,64.55197026022304,51.16193308550186,0.0
16,72.74587360594795,60.75479553903346,0.0,0.0,0.0,0.0,0.0,0.0,0.0,64.75182156133829,51.361784386617096,0.0
17,72.74587360594795,60.9546468401487,0.0,0.0,0.0,0.0,0.0,0.0,0.0,64.15226765799257,0.0,0.0
18,72.14631970260223,60.554944237918214,0.0,0.0,0.0,0.0,0.0,0.0,0.0,64.75182156133829,0.0,0.0
19,72.74587360594795,60.554944237918214,0.0,0.0,0.0,0.0,0.0,0.0,0.0,64.15226765799257,0.0,0.0
20,71.946468401487,0.0,0.0,0.0,0.0,0.0,0.0,0.0,0.0,64.15226765799257,0.0,0.0
21,72.54602230483272,0.0,0.0,0.0,0.0,0.0,0.0,0.0,0.0,0.0,0.0,0.0
22,0.0,0.0,0.0,0.0,0.0,0.0,0.0,0.0,0.0,0.0,0.0,0.0
23,0.0,0.0,0.0,0.0,0.0,0.0,0.0,0.0,0.0,0.0,0.0,0.0
24,0.0,0.0,0.0,0.0,0.0,0.0,0.0,0.0,0.0,0.0,0.0,0.0
25,0.0,0.0,0.0,0.0,0.0,0.0,0.0,0.0,0.0,0.0,0.0,0.0
26,0.0,0.0,0.0,0.0,0.0,0.0,0.0,0.0,0.0,0.0,0.0,0.0
27,0.0,0.0,0.0,0.0,0.0,0.0,0.0,0.0,0.0,0.0,0.0,0.0
28,0.0,0.0,0.0,0.0,0.0,0.0,0.0,0.0,0.0,0.0,0.0,0.0
29,0.0,0.0,0.0,0.0,0.0,0.0,0.0,0.0,0.0,0.0,0.0,0.0
30,0.0,0.0,0.0,0.0,0.0,0.0,0.0,0.0,0.0,0.0,0.0,0.0
31,0.0,0.0,0.0,0.0,0.0,0.0,0.0,0.0,0.0,0.0,0.0,0.0
32,0.0,0.0,0.0,0.0,0.0,0.0,0.0,0.0,0.0,0.0,0.0,0.0
33,0.0,0.0,0.0,0.0,0.0,0.0,0.0,0.0,0.0,0.0,0.0,0.0
34,0.0,0.0,0.0,0.0,0.0,0.0,0.0,0.0,0.0,0.0,0.0,0.0
35,0.0,0.0,0.0,0.0,0.0,0.0,0.0,0.0,0.0,0.0,0.0,0.0
36,0.0,0.0,0.0,0.0,0.0,0.0,0.0,0.0,0.0,0.0,0.0,0.0
37,0.0,0.0,0.0,0.0,0.0,0.0,0.0,0.0,0.0,0.0,0.0,0.0
38,0.0,0.0,0.0,0.0,0.0,0.0,0.0,0.0,0.0,0.0,0.0,0.0
39,0.0,0.0,0.0,0.0,0.0,0.0,0.0,0.0,0.0,0.0,0.0,0.0
40,0.0,0.0,0.0,0.0,0.0,0.0,0.0,0.0,0.0,0.0,0.0,0.0
41,0.0,0.0,0.0,0.0,0.0,0.0,0.0,0.0,0.0,0.0,0.0,0.0
42,0.0,0.0,0.0,0.0,0.0,0.0,0.0,0.0,0.0,0.0,0.0,0.0
43,0.0,0.0,0.0,0.0,0.0,0.0,0.0,0.0,0.0,0.0,0.0,0.0
44,0.0,0.0,0.0,0.0,0.0,0.0,0.0,0.0,0.0,0.0,0.0,0.0
45,0.0,0.0,0.0,0.0,0.0,0.0,0.0,0.0,0.0,0.0,0.0,0.0
46,0.0,0.0,0.0,0.0,0.0,0.0,0.0,0.0,0.0,0.0,0.0,0.0
47,0.0,0.0,0.0,0.0,0.0,0.0,0.0,0.0,0.0,0.0,0.0,0.0
48,0.0,0.0,0.0,0.0,0.0,0.0,0.0,0.0,0.0,0.0,0.0,0.0
49,0.0,0.0,0.0,0.0,0.0,0.0,0.0,0.0,0.0,0.0,0.0,0.0
50,0.0,0.0,0.0,0.0,0.0,0.0,0.0,0.0,0.0,0.0,0.0,0.0
51,0.0,0.0,0.0,0.0,0.0,0.0,0.0,0.0,0.0,0.0,0.0,0.0
52,0.0,0.0,0.0,0.0,0.0,0.0,0.0,0.0,0.0,0.0,0.0,0.0
53,0.0,0.0,0.0,0.0,0.0,0.0,0.0,0.0,0.0,0.0,0.0,0.0
54,0.0,0.0,0.0,0.0,0.0,0.0,0.0,0.0,0.0,0.0,0.0,0.0
55,0.0,0.0,0.0,0.0,0.0,0.0,0.0,0.0,0.0,0.0,0.0,0.0
56,0.0,0.0,0.0,0.0,0.0,0.0,0.0,0.0,0.0,0.0,0.0,0.0
57,0.0,0.0,0.0,0.0,0.0,0.0,0.0,0.0,0.0,0.0,0.0,0.0
58,0.0,0.0,0.0,0.0,0.0,0.0,0.0,0.0,0.0,0.0,0.0,0.0
59,0.0,0.0,0.0,0.0,0.0,0.0,0.0,0.0,0.0,0.0,0.0,0.0
60,0.0,0.0,0.0,0.0,0.0,0.0,0.0,0.0,0.0,0.0,0.0,0.0
61,0.0,0.0,0.0,0.0,0.0,0.0,0.0,0.0,0.0,0.0,0.0,0.0
62,0.0,0.0,0.0,0.0,0.0,0.0,0.0,0.0,0.0,0.0,0.0,0.0
63,0.0,0.0,0.0,0.0,0.0,0.0,0.0,0.0,0.0,0.0,0.0,0.0
64,0.0,0.0,0.0,0.0,0.0,0.0,0.0,0.0,0.0,0.0,0.0,0.0
65,0.0,0.0,0.0,0.0,0.0,0.0,0.0,0.0,0.0,0.0,0.0,0.0
66,0.0,0.0,0.0,0.0,0.0,0.0,0.0,0.0,0.0,0.0,0.0,0.0
67,0.0,0.0,0.0,0.0,0.0,0.0,0.0,0.0,0.0,0.0,0.0,0.0
68,0.0,0.0,0.0,0.0,0.0,0.0,0.0,0.0,0.0,0.0,0.0,0.0
69,0.0,0.0,0.0,0.0,0.0,0.0,0.0,0.0,0.0,0.0,0.0,0.0
70,0.0,0.0,0.0,0.0,0.0,0.0,0.0,0.0,0.0,0.0,0.0,0.0
71,0.0,0.0,0.0,0.0,0.0,0.0,0.0,0.0,0.0,0.0,0.0,0.0
72,0.0,0.0,0.0,0.0,0.0,0.0,0.0,0.0,0.0,0.0,0.0,0.0
73,0.0,0.0,0.0,0.0,0.0,0.0,0.0,0.0,0.0,0.0,0.0,0.0
74,0.0,0.0,0.0,0.0,0.0,0.0,0.0,0.0,0.0,0.0,0.0,0.0
