,0,1,2,3,4,5,6,7,8,9,10,11
0,62.15375464684015,70.14780669144982,69.94795539033457,56.55791821561338,55.55866171003717,59.355836431226756,62.75330855018587,67.34988847583642,66.7503345724907,57.357323420074344,61.35434944237918,57.75702602230483
1,62.55345724907063,69.94795539033457,69.94795539033457,56.75776951672863,55.75851301115241,59.355836431226756,63.153011152416354,67.34988847583642,67.15003717472119,56.75776951672863,61.35434944237918,57.75702602230483
2,62.55345724907063,69.94795539033457,69.74810408921932,56.75776951672863,55.958364312267655,59.355836431226756,62.953159851301116,67.34988847583642,67.15003717472119,57.75702602230483,61.15449814126394,57.956877323420066
3,62.35360594795539,69.94795539033457,69.94795539033457,57.15747211895911,55.958364312267655,59.55568773234201,62.55345724907063,67.54973977695167,67.15003717472119,56.75776951672863,61.35434944237918,57.956877323420066
4,61.754052044609665,69.94795539033457,69.74810408921932,57.15747211895911,56.35806691449814,59.75553903345724,62.55345724907063,67.54973977695167,67.15003717472119,56.95762081784386,61.35434944237918,58.15672862453532
5,61.9539033457249,69.54825278810408,69.54825278810408,57.15747211895911,56.35806691449814,59.75553903345724,62.35360594795539,67.54973977695167,66.95018587360595,56.75776951672863,61.15449814126394,58.15672862453532
6,61.9539033457249,69.1485501858736,69.1485501858736,56.95762081784386,56.55791821561338,59.75553903345724,62.35360594795539,67.94944237918216,67.15003717472119,56.75776951672863,60.9546468401487,58.15672862453532
7,61.9539033457249,68.74884758364311,68.94869888475836,57.15747211895911,56.15821561338289,59.55568773234201,62.55345724907063,68.14929368029739,66.7503345724907,56.95762081784386,61.15449814126394,58.15672862453532
8,60.75479553903346,68.74884758364311,68.54899628252788,56.75776951672863,55.958364312267655,59.355836431226756,62.75330855018587,67.74959107806691,66.95018587360595,57.15747211895911,61.55420074349442,58.15672862453532
9,61.55420074349442,68.34914498141264,68.54899628252788,56.95762081784386,56.15821561338289,59.55568773234201,62.55345724907063,67.54973977695167,67.15003717472119,57.15747211895911,61.55420074349442,58.15672862453532
10,60.9546468401487,67.94944237918216,68.34914498141264,56.95762081784386,56.15821561338289,59.55568773234201,62.15375464684015,67.54973977695167,66.95018587360595,57.357323420074344,61.55420074349442,0.0
11,60.75479553903346,67.94944237918216,68.34914498141264,56.95762081784386,56.35806691449814,59.355836431226756,62.15375464684015,67.74959107806691,66.95018587360595,57.956877323420066,61.55420074349442,0.0
12,60.75479553903346,67.94944237918216,67.94944237918216,57.15747211895911,56.35806691449814,59.55568773234201,62.35360594795539,67.54973977695167,0.0,58.35657992565055,61.55420074349442,0.0
13,60.15524163568773,67.74959107806691,0.0,56.95762081784386,56.35806691449814,59.55568773234201,62.55345724907063,67.74959107806691,0.0,58.5564312267658,61.55420074349442,0.0
14,60.355092936802976,67.74959107806691,0.0,57.15747211895911,56.35806691449814,59.55568773234201,62.55345724907063,67.74959107806691,0.0,58.756282527881034,61.55420074349442,0.0
15,60.554944237918214,67.74959107806691,0.0,57.357323420074344,56.55791821561338,59.55568773234201,62.75330855018587,68.14929368029739,0.0,58.5564312267658,61.754052044609665,0.0
16,60.355092936802976,67.34988847583642,0.0,57.15747211895911,56.35806691449814,59.95539033457249,62.55345724907063,68.14929368029739,0.0,58.5564312267658,0.0,0.0
17,60.355092936802976,0.0,0.0,57.55717472118958,56.55791821561338,59.95539033457249,62.55345724907063,68.14929368029739,0.0,0.0,0.0,0.0
18,60.554944237918214,0.0,0.0,57.55717472118958,56.55791821561338,59.95539033457249,62.55345724907063,0.0,0.0,0.0,0.0,0.0
19,60.554944237918214,0.0,0.0,57.55717472118958,56.35806691449814,59.95539033457249,62.55345724907063,0.0,0.0,0.0,0.0,0.0
20,60.75479553903346,0.0,0.0,57.357323420074344,56.55791821561338,59.95539033457249,0.0,0.0,0.0,0.0,0.0,0.0
21,60.15524163568773,0.0,0.0,57.55717472118958,56.75776951672863,59.95539033457249,0.0,0.0,0.0,0.0,0.0,0.0
22,60.75479553903346,0.0,0.0,57.55717472118958,56.55791821561338,0.0,0.0,0.0,0.0,0.0,0.0,0.0
23,60.554944237918214,0.0,0.0,57.75702602230483,56.55791821561338,0.0,0.0,0.0,0.0,0.0,0.0,0.0
24,0.0,0.0,0.0,57.75702602230483,56.95762081784386,0.0,0.0,0.0,0.0,0.0,0.0,0.0
25,0.0,0.0,0.0,57.956877323420066,56.95762081784386,0.0,0.0,0.0,0.0,0.0,0.0,0.0
26,0.0,0.0,0.0,57.75702602230483,56.95762081784386,0.0,0.0,0.0,0.0,0.0,0.0,0.0
27,0.0,0.0,0.0,57.75702602230483,56.95762081784386,0.0,0.0,0.0,0.0,0.0,0.0,0.0
28,0.0,0.0,0.0,57.75702602230483,56.95762081784386,0.0,0.0,0.0,0.0,0.0,0.0,0.0
29,0.0,0.0,0.0,0.0,0.0,0.0,0.0,0.0,0.0,0.0,0.0,0.0
30,0.0,0.0,0.0,0.0,0.0,0.0,0.0,0.0,0.0,0.0,0.0,0.0
31,0.0,0.0,0.0,0.0,0.0,0.0,0.0,0.0,0.0,0.0,0.0,0.0
32,0.0,0.0,0.0,0.0,0.0,0.0,0.0,0.0,0.0,0.0,0.0,0.0
33,0.0,0.0,0.0,0.0,0.0,0.0,0.0,0.0,0.0,0.0,0.0,0.0
34,0.0,0.0,0.0,0.0,0.0,0.0,0.0,0.0,0.0,0.0,0.0,0.0
35,0.0,0.0,0.0,0.0,0.0,0.0,0.0,0.0,0.0,0.0,0.0,0.0
36,0.0,0.0,0.0,0.0,0.0,0.0,0.0,0.0,0.0,0.0,0.0,0.0
37,0.0,0.0,0.0,0.0,0.0,0.0,0.0,0.0,0.0,0.0,0.0,0.0
38,0.0,0.0,0.0,0.0,0.0,0.0,0.0,0.0,0.0,0.0,0.0,0.0
39,0.0,0.0,0.0,0.0,0.0,0.0,0.0,0.0,0.0,0.0,0.0,0.0
40,0.0,0.0,0.0,0.0,0.0,0.0,0.0,0.0,0.0,0.0,0.0,0.0
41,0.0,0.0,0.0,0.0,0.0,0.0,0.0,0.0,0.0,0.0,0.0,0.0
42,0.0,0.0,0.0,0.0,0.0,0.0,0.0,0.0,0.0,0.0,0.0,0.0
43,0.0,0.0,0.0,0.0,0.0,0.0,0.0,0.0,0.0,0.0,0.0,0.0
44,0.0,0.0,0.0,0.0,0.0,0.0,0.0,0.0,0.0,0.0,0.0,0.0
45,0.0,0.0,0.0,0.0,0.0,0.0,0.0,0.0,0.0,0.0,0.0,0.0
46,0.0,0.0,0.0,0.0,0.0,0.0,0.0,0.0,0.0,0.0,0.0,0.0
47,0.0,0.0,0.0,0.0,0.0,0.0,0.0,0.0,0.0,0.0,0.0,0.0
48,0.0,0.0,0.0,0.0,0.0,0.0,0.0,0.0,0.0,0.0,0.0,0.0
49,0.0,0.0,0.0,0.0,0.0,0.0,0.0,0.0,0.0,0.0,0.0,0.0
50,0.0,0.0,0.0,0.0,0.0,0.0,0.0,0.0,0.0,0.0,0.0,0.0
51,0.0,0.0,0.0,0.0,0.0,0.0,0.0,0.0,0.0,0.0,0.0,0.0
52,0.0,0.0,0.0,0.0,0.0,0.0,0.0,0.0,0.0,0.0,0.0,0.0
53,0.0,0.0,0.0,0.0,0.0,0.0,0.0,0.0,0.0,0.0,0.0,0.0
54,0.0,0.0,0.0,0.0,0.0,0.0,0.0,0.0,0.0,0.0,0.0,0.0
55,0.0,0.0,0.0,0.0,0.0,0.0,0.0,0.0,0.0,0.0,0.0,0.0
56,0.0,0.0,0.0,0.0,0.0,0.0,0.0,0.0,0.0,0.0,0.0,0.0
57,0.0,0.0,0.0,0.0,0.0,0.0,0.0,0.0,0.0,0.0,0.0,0.0
58,0.0,0.0,0.0,0.0,0.0,0.0,0.0,0.0,0.0,0.0,0.0,0.0
59,0.0,0.0,0.0,0.0,0.0,0.0,0.0,0.0,0.0,0.0,0.0,0.0
60,0.0,0.0,0.0,0.0,0.0,0.0,0.0,0.0,0.0,0.0,0.0,0.0
61,0.0,0.0,0.0,0.0,0.0,0.0,0.0,0.0,0.0,0.0,0.0,0.0
62,0.0,0.0,0.0,0.0,0.0,0.0,0.0,0.0,0.0,0.0,0.0,0.0
63,0.0,0.0,0.0,0.0,0.0,0.0,0.0,0.0,0.0,0.0,0.0,0.0
64,0.0,0.0,0.0,0.0,0.0,0.0,0.0,0.0,0.0,0.0,0.0,0.0
65,0.0,0.0,0.0,0.0,0.0,0.0,0.0,0.0,0.0,0.0,0.0,0.0
66,0.0,0.0,0.0,0.0,0.0,0.0,0.0,0.0,0.0,0.0,0.0,0.0
67,0.0,0.0,0.0,0.0,0.0,0.0,0.0,0.0,0.0,0.0,0.0,0.0
68,0.0,0.0,0.0,0.0,0.0,0.0,0.0,0.0,0.0,0.0,0.0,0.0
69,0.0,0.0,0.0,0.0,0.0,0.0,0.0,0.0,0.0,0.0,0.0,0.0
70,0.0,0.0,0.0,0.0,0.0,0.0,0.0,0.0,0.0,0.0,0.0,0.0
71,0.0,0.0,0.0,0.0,0.0,0.0,0.0,0.0,0.0,0.0,0.0,0.0
72,0.0,0.0,0.0,0.0,0.0,0.0,0.0,0.0,0.0,0.0,0.0,0.0
73,0.0,0.0,0.0,0.0,0.0,0.0,0.0,0.0,0.0,0.0,0.0,0.0
74,0.0,0.0,0.0,0.0,0.0,0.0,0.0,0.0,0.0,0.0,0.0,0.0
