,0,1,2,3,4,5,6,7,8,9,10,11
0,72.74587360594795,56.55791821561338,75.74364312267657,59.155985130111524,74.14483271375465,66.7503345724907,59.55568773234201,61.754052044609665,66.95018587360595,62.35360594795539,57.75702602230483,52.16118959107806
1,72.34617100371746,56.55791821561338,76.14334572490706,59.155985130111524,74.14483271375465,66.55048327137547,59.55568773234201,62.15375464684015,66.95018587360595,62.35360594795539,57.75702602230483,51.961338289962825
2,72.14631970260223,56.35806691449814,75.94349442379182,58.956133828996286,74.14483271375465,66.55048327137547,59.55568773234201,62.35360594795539,66.95018587360595,62.15375464684015,57.55717472118958,51.961338289962825
3,71.74661710037174,56.35806691449814,75.54379182156134,58.756282527881034,74.34468401486988,66.7503345724907,59.75553903345724,62.35360594795539,66.95018587360595,61.9539033457249,57.55717472118958,51.56163568773234
4,71.946468401487,56.75776951672863,75.3439405204461,58.756282527881034,74.34468401486988,66.55048327137547,59.75553903345724,62.35360594795539,66.95018587360595,61.35434944237918,57.357323420074344,51.76148698884758
5,71.74661710037174,56.95762081784386,74.9442379182156,59.355836431226756,74.54453531598513,66.35063197026022,59.95539033457249,62.35360594795539,66.7503345724907,61.35434944237918,57.357323420074344,51.76148698884758
6,71.74661710037174,56.95762081784386,74.54453531598513,59.55568773234201,74.34468401486988,66.7503345724907,59.75553903345724,62.35360594795539,66.55048327137547,60.9546468401487,57.357323420074344,51.361784386617096
7,71.5467657992565,56.75776951672863,74.34468401486988,59.75553903345724,74.34468401486988,66.7503345724907,59.355836431226756,62.15375464684015,66.35063197026022,60.9546468401487,56.95762081784386,51.361784386617096
8,71.74661710037174,57.15747211895911,74.14483271375465,59.75553903345724,74.34468401486988,66.95018587360595,59.155985130111524,61.754052044609665,66.35063197026022,60.75479553903346,56.95762081784386,50.96208178438662
9,71.946468401487,56.95762081784386,74.34468401486988,59.75553903345724,74.34468401486988,66.95018587360595,58.956133828996286,61.15449814126394,65.7510780669145,60.355092936802976,56.55791821561338,50.562379182156135
10,71.5467657992565,57.55717472118958,73.94498141263941,59.75553903345724,74.14483271375465,67.15003717472119,58.5564312267658,61.15449814126394,65.15152416356877,60.15524163568773,56.15821561338289,50.16267657992565
11,71.14706319702603,57.357323420074344,74.14483271375465,59.95539033457249,74.14483271375465,67.34988847583642,58.5564312267658,60.9546468401487,65.15152416356877,59.95539033457249,55.75851301115241,0.0
12,70.74736059479554,57.55717472118958,0.0,59.75553903345724,74.14483271375465,67.34988847583642,58.35657992565055,60.75479553903346,64.95167286245353,59.75553903345724,55.35881040892193,0.0
13,70.34765799256505,57.75702602230483,0.0,60.15524163568773,73.94498141263941,67.34988847583642,58.35657992565055,60.75479553903346,64.95167286245353,59.55568773234201,54.95910780669145,0.0
14,70.54750929368029,58.15672862453532,0.0,60.15524163568773,73.74513011152416,0.0,58.35657992565055,60.554944237918214,64.75182156133829,59.55568773234201,54.759256505576204,0.0
15,70.54750929368029,57.956877323420066,0.0,59.95539033457249,73.74513011152416,0.0,57.75702602230483,60.75479553903346,64.95167286245353,59.55568773234201,54.95910780669145,0.0
16,70.14780669144982,57.956877323420066,0.0,59.75553903345724,73.74513011152416,0.0,57.75702602230483,60.9546468401487,64.95167286245353,59.355836431226756,54.559405204460965,0.0
17,70.54750929368029,58.35657992565055,0.0,59.75553903345724,73.74513011152416,0.0,57.75702602230483,0.0,0.0,59.355836431226756,0.0,0.0
18,71.34691449814126,58.756282527881034,0.0,59.55568773234201,74.34468401486988,0.0,57.357323420074344,0.0,0.0,59.155985130111524,0.0,0.0
19,71.34691449814126,58.756282527881034,0.0,59.355836431226756,0.0,0.0,57.357323420074344,0.0,0.0,59.155985130111524,0.0,0.0
20,71.34691449814126,58.756282527881034,0.0,59.155985130111524,0.0,0.0,57.55717472118958,0.0,0.0,59.355836431226756,0.0,0.0
21,71.14706319702603,58.5564312267658,0.0,59.155985130111524,0.0,0.0,57.75702602230483,0.0,0.0,58.956133828996286,0.0,0.0
22,71.34691449814126,58.35657992565055,0.0,0.0,0.0,0.0,57.75702602230483,0.0,0.0,59.155985130111524,0.0,0.0
23,70.74736059479554,58.15672862453532,0.0,0.0,0.0,0.0,57.75702602230483,0.0,0.0,59.355836431226756,0.0,0.0
24,70.74736059479554,0.0,0.0,0.0,0.0,0.0,57.75702602230483,0.0,0.0,59.155985130111524,0.0,0.0
25,70.94721189591077,0.0,0.0,0.0,0.0,0.0,57.55717472118958,0.0,0.0,59.155985130111524,0.0,0.0
26,71.14706319702603,0.0,0.0,0.0,0.0,0.0,0.0,0.0,0.0,59.355836431226756,0.0,0.0
27,71.14706319702603,0.0,0.0,0.0,0.0,0.0,0.0,0.0,0.0,59.55568773234201,0.0,0.0
28,71.5467657992565,0.0,0.0,0.0,0.0,0.0,0.0,0.0,0.0,59.155985130111524,0.0,0.0
29,71.14706319702603,0.0,0.0,0.0,0.0,0.0,0.0,0.0,0.0,59.355836431226756,0.0,0.0
30,71.14706319702603,0.0,0.0,0.0,0.0,0.0,0.0,0.0,0.0,59.355836431226756,0.0,0.0
31,70.74736059479554,0.0,0.0,0.0,0.0,0.0,0.0,0.0,0.0,0.0,0.0,0.0
32,0.0,0.0,0.0,0.0,0.0,0.0,0.0,0.0,0.0,0.0,0.0,0.0
33,0.0,0.0,0.0,0.0,0.0,0.0,0.0,0.0,0.0,0.0,0.0,0.0
34,0.0,0.0,0.0,0.0,0.0,0.0,0.0,0.0,0.0,0.0,0.0,0.0
35,0.0,0.0,0.0,0.0,0.0,0.0,0.0,0.0,0.0,0.0,0.0,0.0
36,0.0,0.0,0.0,0.0,0.0,0.0,0.0,0.0,0.0,0.0,0.0,0.0
37,0.0,0.0,0.0,0.0,0.0,0.0,0.0,0.0,0.0,0.0,0.0,0.0
38,0.0,0.0,0.0,0.0,0.0,0.0,0.0,0.0,0.0,0.0,0.0,0.0
39,0.0,0.0,0.0,0.0,0.0,0.0,0.0,0.0,0.0,0.0,0.0,0.0
40,0.0,0.0,0.0,0.0,0.0,0.0,0.0,0.0,0.0,0.0,0.0,0.0
41,0.0,0.0,0.0,0.0,0.0,0.0,0.0,0.0,0.0,0.0,0.0,0.0
42,0.0,0.0,0.0,0.0,0.0,0.0,0.0,0.0,0.0,0.0,0.0,0.0
43,0.0,0.0,0.0,0.0,0.0,0.0,0.0,0.0,0.0,0.0,0.0,0.0
44,0.0,0.0,0.0,0.0,0.0,0.0,0.0,0.0,0.0,0.0,0.0,0.0
45,0.0,0.0,0.0,0.0,0.0,0.0,0.0,0.0,0.0,0.0,0.0,0.0
46,0.0,0.0,0.0,0.0,0.0,0.0,0.0,0.0,0.0,0.0,0.0,0.0
47,0.0,0.0,0.0,0.0,0.0,0.0,0.0,0.0,0.0,0.0,0.0,0.0
48,0.0,0.0,0.0,0.0,0.0,0.0,0.0,0.0,0.0,0.0,0.0,0.0
49,0.0,0.0,0.0,0.0,0.0,0.0,0.0,0.0,0.0,0.0,0.0,0.0
50,0.0,0.0,0.0,0.0,0.0,0.0,0.0,0.0,0.0,0.0,0.0,0.0
51,0.0,0.0,0.0,0.0,0.0,0.0,0.0,0.0,0.0,0.0,0.0,0.0
52,0.0,0.0,0.0,0.0,0.0,0.0,0.0,0.0,0.0,0.0,0.0,0.0
53,0.0,0.0,0.0,0.0,0.0,0.0,0.0,0.0,0.0,0.0,0.0,0.0
54,0.0,0.0,0.0,0.0,0.0,0.0,0.0,0.0,0.0,0.0,0.0,0.0
55,0.0,0.0,0.0,0.0,0.0,0.0,0.0,0.0,0.0,0.0,0.0,0.0
56,0.0,0.0,0.0,0.0,0.0,0.0,0.0,0.0,0.0,0.0,0.0,0.0
57,0.0,0.0,0.0,0.0,0.0,0.0,0.0,0.0,0.0,0.0,0.0,0.0
58,0.0,0.0,0.0,0.0,0.0,0.0,0.0,0.0,0.0,0.0,0.0,0.0
59,0.0,0.0,0.0,0.0,0.0,0.0,0.0,0.0,0.0,0.0,0.0,0.0
60,0.0,0.0,0.0,0.0,0.0,0.0,0.0,0.0,0.0,0.0,0.0,0.0
61,0.0,0.0,0.0,0.0,0.0,0.0,0.0,0.0,0.0,0.0,0.0,0.0
62,0.0,0.0,0.0,0.0,0.0,0.0,0.0,0.0,0.0,0.0,0.0,0.0
63,0.0,0.0,0.0,0.0,0.0,0.0,0.0,0.0,0.0,0.0,0.0,0.0
64,0.0,0.0,0.0,0.0,0.0,0.0,0.0,0.0,0.0,0.0,0.0,0.0
65,0.0,0.0,0.0,0.0,0.0,0.0,0.0,0.0,0.0,0.0,0.0,0.0
66,0.0,0.0,0.0,0.0,0.0,0.0,0.0,0.0,0.0,0.0,0.0,0.0
67,0.0,0.0,0.0,0.0,0.0,0.0,0.0,0.0,0.0,0.0,0.0,0.0
68,0.0,0.0,0.0,0.0,0.0,0.0,0.0,0.0,0.0,0.0,0.0,0.0
69,0.0,0.0,0.0,0.0,0.0,0.0,0.0,0.0,0.0,0.0,0.0,0.0
70,0.0,0.0,0.0,0.0,0.0,0.0,0.0,0.0,0.0,0.0,0.0,0.0
71,0.0,0.0,0.0,0.0,0.0,0.0,0.0,0.0,0.0,0.0,0.0,0.0
72,0.0,0.0,0.0,0.0,0.0,0.0,0.0,0.0,0.0,0.0,0.0,0.0
73,0.0,0.0,0.0,0.0,0.0,0.0,0.0,0.0,0.0,0.0,0.0,0.0
74,0.0,0.0,0.0,0.0,0.0,0.0,0.0,0.0,0.0,0.0,0.0,0.0
