,0,1,2,3,4,5,6,7,8,9,10,11
0,64.95167286245353,49.962825278810406,54.759256505576204,52.56089219330855,52.76074349442379,55.958364312267655,46.765204460966544,39.570557620817844,41.56907063197026,60.9546468401487,61.754052044609665,65.35137546468401
1,64.75182156133829,49.16342007434944,54.15970260223048,52.76074349442379,53.16044609665427,56.35806691449814,46.96505576208178,39.17085501858736,41.16936802973978,61.55420074349442,61.9539033457249,65.35137546468401
2,64.75182156133829,48.9635687732342,54.15970260223048,52.76074349442379,53.56014869888475,55.958364312267655,46.5653531598513,38.37144981412639,40.769665427509295,61.35434944237918,62.15375464684015,65.55122676579926
3,64.75182156133829,49.16342007434944,54.95910780669145,52.76074349442379,53.959851301115236,55.958364312267655,46.36550185873606,37.97174721189591,40.769665427509295,61.55420074349442,62.15375464684015,65.55122676579926
4,64.55197026022304,49.36327137546468,54.95910780669145,52.96059479553903,53.959851301115236,55.958364312267655,46.5653531598513,38.17159851301115,40.769665427509295,61.754052044609665,62.15375464684015,65.55122676579926
5,64.35211895910781,49.36327137546468,55.35881040892193,53.16044609665427,54.559405204460965,56.15821561338289,46.36550185873606,37.77189591078067,40.369962825278805,61.9539033457249,62.55345724907063,65.55122676579926
6,64.35211895910781,49.76297397769517,55.15895910780669,53.56014869888475,54.759256505576204,56.15821561338289,45.965799256505576,37.77189591078067,40.769665427509295,62.15375464684015,62.35360594795539,65.55122676579926
7,64.55197026022304,48.9635687732342,55.15895910780669,53.959851301115236,55.15895910780669,56.55791821561338,46.165650557620815,37.17234200743494,40.369962825278805,61.55420074349442,62.15375464684015,65.35137546468401
8,64.55197026022304,49.36327137546468,54.95910780669145,53.959851301115236,55.15895910780669,56.75776951672863,45.965799256505576,36.972490706319704,40.56981412639405,61.754052044609665,62.15375464684015,65.15152416356877
9,63.752565055762076,49.76297397769517,54.759256505576204,53.959851301115236,55.35881040892193,56.55791821561338,45.965799256505576,36.57278810408921,39.97026022304832,61.55420074349442,61.9539033457249,65.15152416356877
10,64.15226765799257,49.962825278810406,0.0,54.15970260223048,55.75851301115241,56.55791821561338,45.76594795539033,36.372936802973975,39.97026022304832,61.754052044609665,61.55420074349442,0.0
11,64.15226765799257,50.762230483271374,0.0,53.959851301115236,55.55866171003717,56.35806691449814,45.366245353159854,36.372936802973975,39.3707063197026,62.15375464684015,0.0,0.0
12,63.35286245353159,51.16193308550186,0.0,53.959851301115236,55.75851301115241,56.35806691449814,44.766691449814125,35.9732342007435,0.0,62.35360594795539,0.0,0.0
13,63.95241635687732,50.96208178438662,0.0,53.56014869888475,55.75851301115241,56.15821561338289,43.96728624535316,0.0,0.0,0.0,0.0,0.0
14,63.153011152416354,50.96208178438662,0.0,53.56014869888475,55.55866171003717,55.75851301115241,43.367732342007436,0.0,0.0,0.0,0.0,0.0
15,63.35286245353159,50.562379182156135,0.0,53.16044609665427,55.35881040892193,55.35881040892193,43.16788104089219,0.0,0.0,0.0,0.0,0.0
16,62.953159851301116,50.762230483271374,0.0,53.16044609665427,55.15895910780669,54.95910780669145,42.96802973977695,0.0,0.0,0.0,0.0,0.0
17,62.953159851301116,50.36252788104089,0.0,52.76074349442379,55.15895910780669,54.759256505576204,42.36847583643122,0.0,0.0,0.0,0.0,0.0
18,62.55345724907063,50.562379182156135,0.0,52.76074349442379,55.15895910780669,54.559405204460965,41.96877323420074,0.0,0.0,0.0,0.0,0.0
19,62.15375464684015,0.0,0.0,52.56089219330855,54.95910780669145,54.559405204460965,41.56907063197026,0.0,0.0,0.0,0.0,0.0
20,61.9539033457249,0.0,0.0,52.36104089219331,54.759256505576204,54.559405204460965,40.969516728624534,0.0,0.0,0.0,0.0,0.0
21,61.9539033457249,0.0,0.0,52.76074349442379,54.759256505576204,54.35955390334572,40.56981412639405,0.0,0.0,0.0,0.0,0.0
22,61.9539033457249,0.0,0.0,52.96059479553903,54.559405204460965,54.35955390334572,40.56981412639405,0.0,0.0,0.0,0.0,0.0
23,61.9539033457249,0.0,0.0,52.76074349442379,54.35955390334572,53.959851301115236,40.170111524163566,0.0,0.0,0.0,0.0,0.0
24,61.55420074349442,0.0,0.0,52.36104089219331,54.35955390334572,53.76,39.97026022304832,0.0,0.0,0.0,0.0,0.0
25,0.0,0.0,0.0,52.16118959107806,53.959851301115236,53.56014869888475,39.570557620817844,0.0,0.0,0.0,0.0,0.0
26,0.0,0.0,0.0,52.16118959107806,53.959851301115236,0.0,38.971003717472115,0.0,0.0,0.0,0.0,0.0
27,0.0,0.0,0.0,51.76148698884758,53.360297397769514,0.0,39.17085501858736,0.0,0.0,0.0,0.0,0.0
28,0.0,0.0,0.0,51.76148698884758,53.360297397769514,0.0,38.57130111524163,0.0,0.0,0.0,0.0,0.0
29,0.0,0.0,0.0,51.56163568773234,52.76074349442379,0.0,38.57130111524163,0.0,0.0,0.0,0.0,0.0
30,0.0,0.0,0.0,51.16193308550186,52.56089219330855,0.0,37.97174721189591,0.0,0.0,0.0,0.0,0.0
31,0.0,0.0,0.0,50.762230483271374,52.56089219330855,0.0,37.77189591078067,0.0,0.0,0.0,0.0,0.0
32,0.0,0.0,0.0,50.762230483271374,52.16118959107806,0.0,37.37219330855019,0.0,0.0,0.0,0.0,0.0
33,0.0,0.0,0.0,50.562379182156135,52.16118959107806,0.0,37.17234200743494,0.0,0.0,0.0,0.0,0.0
34,0.0,0.0,0.0,50.36252788104089,51.56163568773234,0.0,36.372936802973975,0.0,0.0,0.0,0.0,0.0
35,0.0,0.0,0.0,50.16267657992565,51.16193308550186,0.0,35.573531598513014,0.0,0.0,0.0,0.0,0.0
36,0.0,0.0,0.0,49.76297397769517,50.762230483271374,0.0,34.374423791821556,0.0,0.0,0.0,0.0,0.0
37,0.0,0.0,0.0,49.56312267657992,50.562379182156135,0.0,34.374423791821556,0.0,0.0,0.0,0.0,0.0
38,0.0,0.0,0.0,49.36327137546468,0.0,0.0,33.97472118959108,0.0,0.0,0.0,0.0,0.0
39,0.0,0.0,0.0,49.16342007434944,0.0,0.0,33.37516728624535,0.0,0.0,0.0,0.0,0.0
40,0.0,0.0,0.0,0.0,0.0,0.0,32.77561338289963,0.0,0.0,0.0,0.0,0.0
41,0.0,0.0,0.0,0.0,0.0,0.0,32.176059479553906,0.0,0.0,0.0,0.0,0.0
42,0.0,0.0,0.0,0.0,0.0,0.0,31.77635687732342,0.0,0.0,0.0,0.0,0.0
43,0.0,0.0,0.0,0.0,0.0,0.0,31.77635687732342,0.0,0.0,0.0,0.0,0.0
44,0.0,0.0,0.0,0.0,0.0,0.0,31.376654275092935,0.0,0.0,0.0,0.0,0.0
45,0.0,0.0,0.0,0.0,0.0,0.0,31.576505576208177,0.0,0.0,0.0,0.0,0.0
46,0.0,0.0,0.0,0.0,0.0,0.0,30.57724907063197,0.0,0.0,0.0,0.0,0.0
47,0.0,0.0,0.0,0.0,0.0,0.0,30.77710037174721,0.0,0.0,0.0,0.0,0.0
48,0.0,0.0,0.0,0.0,0.0,0.0,30.177546468401488,0.0,0.0,0.0,0.0,0.0
49,0.0,0.0,0.0,0.0,0.0,0.0,29.378141263940517,0.0,0.0,0.0,0.0,0.0
50,0.0,0.0,0.0,0.0,0.0,0.0,28.77858736059479,0.0,0.0,0.0,0.0,0.0
51,0.0,0.0,0.0,0.0,0.0,0.0,27.979182156133827,0.0,0.0,0.0,0.0,0.0
52,0.0,0.0,0.0,0.0,0.0,0.0,27.379628252788102,0.0,0.0,0.0,0.0,0.0
53,0.0,0.0,0.0,0.0,0.0,0.0,0.0,0.0,0.0,0.0,0.0,0.0
54,0.0,0.0,0.0,0.0,0.0,0.0,0.0,0.0,0.0,0.0,0.0,0.0
55,0.0,0.0,0.0,0.0,0.0,0.0,0.0,0.0,0.0,0.0,0.0,0.0
56,0.0,0.0,0.0,0.0,0.0,0.0,0.0,0.0,0.0,0.0,0.0,0.0
57,0.0,0.0,0.0,0.0,0.0,0.0,0.0,0.0,0.0,0.0,0.0,0.0
58,0.0,0.0,0.0,0.0,0.0,0.0,0.0,0.0,0.0,0.0,0.0,0.0
59,0.0,0.0,0.0,0.0,0.0,0.0,0.0,0.0,0.0,0.0,0.0,0.0
60,0.0,0.0,0.0,0.0,0.0,0.0,0.0,0.0,0.0,0.0,0.0,0.0
61,0.0,0.0,0.0,0.0,0.0,0.0,0.0,0.0,0.0,0.0,0.0,0.0
62,0.0,0.0,0.0,0.0,0.0,0.0,0.0,0.0,0.0,0.0,0.0,0.0
63,0.0,0.0,0.0,0.0,0.0,0.0,0.0,0.0,0.0,0.0,0.0,0.0
64,0.0,0.0,0.0,0.0,0.0,0.0,0.0,0.0,0.0,0.0,0.0,0.0
65,0.0,0.0,0.0,0.0,0.0,0.0,0.0,0.0,0.0,0.0,0.0,0.0
66,0.0,0.0,0.0,0.0,0.0,0.0,0.0,0.0,0.0,0.0,0.0,0.0
67,0.0,0.0,0.0,0.0,0.0,0.0,0.0,0.0,0.0,0.0,0.0,0.0
68,0.0,0.0,0.0,0.0,0.0,0.0,0.0,0.0,0.0,0.0,0.0,0.0
69,0.0,0.0,0.0,0.0,0.0,0.0,0.0,0.0,0.0,0.0,0.0,0.0
70,0.0,0.0,0.0,0.0,0.0,0.0,0.0,0.0,0.0,0.0,0.0,0.0
71,0.0,0.0,0.0,0.0,0.0,0.0,0.0,0.0,0.0,0.0,0.0,0.0
72,0.0,0.0,0.0,0.0,0.0,0.0,0.0,0.0,0.0,0.0,0.0,0.0
73,0.0,0.0,0.0,0.0,0.0,0.0,0.0,0.0,0.0,0.0,0.0,0.0
74,0.0,0.0,0.0,0.0,0.0,0.0,0.0,0.0,0.0,0.0,0.0,0.0
