,0,1,2,3,4,5,6,7,8,9,10,11
0,49.98,48.3,59.01,63.419999999999995,59.64,49.35,61.739999999999995,55.65,50.82,60.059999999999995,57.96,56.07
1,50.48460754394531,48.83032241821289,59.05377136230469,63.43061920166016,59.713699951171876,49.49138534545898,61.64033203125,55.46170623779297,50.744188385009764,60.059999999999995,57.93307708740234,55.9664419555664
2,50.90003494262695,48.91012344360352,59.042152404785156,63.5981103515625,59.842809448242186,49.570958862304686,61.61035858154297,55.35350830078125,50.808054199218745,59.87375061035156,57.66932098388671,55.73360778808593
3,50.99314041137695,49.01833740234375,59.042152404785156,63.408868103027345,59.76538604736328,49.55834335327148,61.471969299316406,55.30370635986328,50.71022552490234,59.624279479980466,57.415280456542966,55.54159057617187
4,51.34579147338867,49.12639114379883,59.09492797851562,63.44711517333984,59.76538604736328,49.62351333618164,61.013228759765624,55.243272399902345,50.70444808959961,59.53918487548828,57.30892822265625,55.47239593505859
5,51.47501953125,49.22142883300781,59.09492797851562,63.31316711425781,59.59726043701172,49.37751892089844,60.88813751220703,55.02462066650391,50.47772140502929,59.43508209228516,57.132029113769526,55.369254455566406
6,51.59806640625,49.30830825805664,59.081290283203124,62.78141235351562,59.494010009765624,48.82558959960937,60.53938293457031,54.896004638671876,50.32902694702148,59.324750061035154,57.023562011718745,55.28646057128906
7,51.511122894287105,49.11235290527343,59.081290283203124,62.69221618652344,59.494010009765624,48.50013702392578,60.37832611083984,54.58894500732422,50.19270126342773,59.08623138427734,56.86725402832031,55.148090515136715
8,51.511122894287105,49.015113830566406,59.05518127441406,62.62699493408203,59.14742156982422,48.371347961425776,59.91447143554687,54.47703002929687,49.86031768798828,58.87588531494141,56.69864776611328,55.032445678710936
9,51.21186264038086,48.69727798461914,58.962389831542964,62.63391632080078,59.14742156982422,48.267530364990236,59.93635070800781,54.244247131347656,49.7689778137207,58.893246459960935,56.81326721191406,55.14434143066406
10,50.114733123779295,48.333033599853515,0.0,62.60848022460937,59.12126770019531,0.0,59.93635070800781,0.0,0.0,58.76589935302734,56.776244201660155,55.14485412597656
11,49.70241073608398,47.98622726440429,0.0,62.85609924316406,0.0,0.0,0.0,0.0,0.0,58.84664886474609,56.88450622558594,55.26668334960937
12,49.131899414062495,47.41039672851562,0.0,62.881227722167964,0.0,0.0,0.0,0.0,0.0,58.79680206298828,0.0,0.0
13,48.69444534301758,0.0,0.0,62.91850067138672,0.0,0.0,0.0,0.0,0.0,58.690872802734376,0.0,0.0
14,48.21107299804687,0.0,0.0,63.32485656738281,0.0,0.0,0.0,0.0,0.0,58.55611724853515,0.0,0.0
15,48.11385314941406,0.0,0.0,63.31113555908203,0.0,0.0,0.0,0.0,0.0,58.608892822265624,0.0,0.0
16,48.11385314941406,0.0,0.0,63.23614105224609,0.0,0.0,0.0,0.0,0.0,58.47698272705078,0.0,0.0
17,48.18231719970703,0.0,0.0,63.23446838378906,0.0,0.0,0.0,0.0,0.0,58.360844421386716,0.0,0.0
18,0.0,0.0,0.0,63.23446838378906,0.0,0.0,0.0,0.0,0.0,58.13945617675781,0.0,0.0
19,0.0,0.0,0.0,62.83413024902344,0.0,0.0,0.0,0.0,0.0,57.982193298339844,0.0,0.0
20,0.0,0.0,0.0,62.85251678466797,0.0,0.0,0.0,0.0,0.0,57.96349914550781,0.0,0.0
21,0.0,0.0,0.0,62.85251678466797,0.0,0.0,0.0,0.0,0.0,57.86662536621093,0.0,0.0
22,0.0,0.0,0.0,62.80518859863281,0.0,0.0,0.0,0.0,0.0,57.614154968261715,0.0,0.0
23,0.0,0.0,0.0,0.0,0.0,0.0,0.0,0.0,0.0,57.32920532226562,0.0,0.0
24,0.0,0.0,0.0,0.0,0.0,0.0,0.0,0.0,0.0,0.0,0.0,0.0
25,0.0,0.0,0.0,0.0,0.0,0.0,0.0,0.0,0.0,0.0,0.0,0.0
26,0.0,0.0,0.0,0.0,0.0,0.0,0.0,0.0,0.0,0.0,0.0,0.0
27,0.0,0.0,0.0,0.0,0.0,0.0,0.0,0.0,0.0,0.0,0.0,0.0
28,0.0,0.0,0.0,0.0,0.0,0.0,0.0,0.0,0.0,0.0,0.0,0.0
29,0.0,0.0,0.0,0.0,0.0,0.0,0.0,0.0,0.0,0.0,0.0,0.0
30,0.0,0.0,0.0,0.0,0.0,0.0,0.0,0.0,0.0,0.0,0.0,0.0
31,0.0,0.0,0.0,0.0,0.0,0.0,0.0,0.0,0.0,0.0,0.0,0.0
32,0.0,0.0,0.0,0.0,0.0,0.0,0.0,0.0,0.0,0.0,0.0,0.0
33,0.0,0.0,0.0,0.0,0.0,0.0,0.0,0.0,0.0,0.0,0.0,0.0
34,0.0,0.0,0.0,0.0,0.0,0.0,0.0,0.0,0.0,0.0,0.0,0.0
35,0.0,0.0,0.0,0.0,0.0,0.0,0.0,0.0,0.0,0.0,0.0,0.0
36,0.0,0.0,0.0,0.0,0.0,0.0,0.0,0.0,0.0,0.0,0.0,0.0
37,0.0,0.0,0.0,0.0,0.0,0.0,0.0,0.0,0.0,0.0,0.0,0.0
38,0.0,0.0,0.0,0.0,0.0,0.0,0.0,0.0,0.0,0.0,0.0,0.0
39,0.0,0.0,0.0,0.0,0.0,0.0,0.0,0.0,0.0,0.0,0.0,0.0
40,0.0,0.0,0.0,0.0,0.0,0.0,0.0,0.0,0.0,0.0,0.0,0.0
41,0.0,0.0,0.0,0.0,0.0,0.0,0.0,0.0,0.0,0.0,0.0,0.0
42,0.0,0.0,0.0,0.0,0.0,0.0,0.0,0.0,0.0,0.0,0.0,0.0
43,0.0,0.0,0.0,0.0,0.0,0.0,0.0,0.0,0.0,0.0,0.0,0.0
44,0.0,0.0,0.0,0.0,0.0,0.0,0.0,0.0,0.0,0.0,0.0,0.0
45,0.0,0.0,0.0,0.0,0.0,0.0,0.0,0.0,0.0,0.0,0.0,0.0
46,0.0,0.0,0.0,0.0,0.0,0.0,0.0,0.0,0.0,0.0,0.0,0.0
47,0.0,0.0,0.0,0.0,0.0,0.0,0.0,0.0,0.0,0.0,0.0,0.0
48,0.0,0.0,0.0,0.0,0.0,0.0,0.0,0.0,0.0,0.0,0.0,0.0
49,0.0,0.0,0.0,0.0,0.0,0.0,0.0,0.0,0.0,0.0,0.0,0.0
50,0.0,0.0,0.0,0.0,0.0,0.0,0.0,0.0,0.0,0.0,0.0,0.0
51,0.0,0.0,0.0,0.0,0.0,0.0,0.0,0.0,0.0,0.0,0.0,0.0
52,0.0,0.0,0.0,0.0,0.0,0.0,0.0,0.0,0.0,0.0,0.0,0.0
53,0.0,0.0,0.0,0.0,0.0,0.0,0.0,0.0,0.0,0.0,0.0,0.0
54,0.0,0.0,0.0,0.0,0.0,0.0,0.0,0.0,0.0,0.0,0.0,0.0
55,0.0,0.0,0.0,0.0,0.0,0.0,0.0,0.0,0.0,0.0,0.0,0.0
56,0.0,0.0,0.0,0.0,0.0,0.0,0.0,0.0,0.0,0.0,0.0,0.0
57,0.0,0.0,0.0,0.0,0.0,0.0,0.0,0.0,0.0,0.0,0.0,0.0
58,0.0,0.0,0.0,0.0,0.0,0.0,0.0,0.0,0.0,0.0,0.0,0.0
59,0.0,0.0,0.0,0.0,0.0,0.0,0.0,0.0,0.0,0.0,0.0,0.0
60,0.0,0.0,0.0,0.0,0.0,0.0,0.0,0.0,0.0,0.0,0.0,0.0
61,0.0,0.0,0.0,0.0,0.0,0.0,0.0,0.0,0.0,0.0,0.0,0.0
62,0.0,0.0,0.0,0.0,0.0,0.0,0.0,0.0,0.0,0.0,0.0,0.0
63,0.0,0.0,0.0,0.0,0.0,0.0,0.0,0.0,0.0,0.0,0.0,0.0
64,0.0,0.0,0.0,0.0,0.0,0.0,0.0,0.0,0.0,0.0,0.0,0.0
65,0.0,0.0,0.0,0.0,0.0,0.0,0.0,0.0,0.0,0.0,0.0,0.0
66,0.0,0.0,0.0,0.0,0.0,0.0,0.0,0.0,0.0,0.0,0.0,0.0
67,0.0,0.0,0.0,0.0,0.0,0.0,0.0,0.0,0.0,0.0,0.0,0.0
68,0.0,0.0,0.0,0.0,0.0,0.0,0.0,0.0,0.0,0.0,0.0,0.0
69,0.0,0.0,0.0,0.0,0.0,0.0,0.0,0.0,0.0,0.0,0.0,0.0
70,0.0,0.0,0.0,0.0,0.0,0.0,0.0,0.0,0.0,0.0,0.0,0.0
71,0.0,0.0,0.0,0.0,0.0,0.0,0.0,0.0,0.0,0.0,0.0,0.0
72,0.0,0.0,0.0,0.0,0.0,0.0,0.0,0.0,0.0,0.0,0.0,0.0
73,0.0,0.0,0.0,0.0,0.0,0.0,0.0,0.0,0.0,0.0,0.0,0.0
74,0.0,0.0,0.0,0.0,0.0,0.0,0.0,0.0,0.0,0.0,0.0,0.0
