,0,1,2,3,4,5,6,7,8,9,10,11
0,48.3,66.36,52.5,42.21,44.309999999999995,40.53,41.79,42.42,54.6,72.86999999999999,76.86,72.66
1,48.239367370605464,66.3037124633789,52.419686279296876,42.28831741333008,44.35252166748047,40.59423751831054,41.85987716674804,42.42,54.80950012207031,72.87011535644531,76.84756713867188,72.5408560180664
2,48.135575408935544,66.28374298095703,52.45637603759766,42.21931503295898,44.32196823120117,40.546970214843746,42.11451690673828,42.42,54.87943817138672,72.83721954345702,76.88007843017577,72.43433715820312
3,48.135575408935544,66.33897308349609,52.55407653808594,42.21931503295898,44.32022506713867,40.53005126953125,42.137069091796874,42.40172882080078,54.97922149658203,72.71435211181641,76.69927001953124,71.44609771728516
4,48.095748596191406,66.39852905273438,52.57115249633789,42.30735443115234,44.34315216064453,40.59359024047851,42.137069091796874,42.356563568115234,55.313505249023436,72.9152197265625,76.69927001953124,71.22520294189452
5,48.016899261474606,66.30146301269531,52.50631896972656,42.59499572753906,44.49660827636718,40.90411056518555,42.137069091796874,42.31590362548828,55.67848663330078,72.92400604248047,76.6063311767578,71.10430938720702
6,48.00047378540039,66.24276580810546,52.50631896972656,42.92772537231445,44.692775115966796,41.177998809814454,42.239444732666016,42.38480026245117,55.67848663330078,72.79200622558594,76.60522247314452,70.68732147216797
7,48.04990402221679,66.34795166015624,52.61499435424805,43.2469775390625,44.887791595458985,41.534789886474606,42.660361175537105,42.00480972290039,55.82803985595703,72.71849212646484,76.60522247314452,70.561435546875
8,48.05444778442383,66.32314361572266,52.61499435424805,43.458224029541014,44.989737854003906,41.81585586547851,42.90855697631836,42.23751892089844,56.31038360595703,72.82705535888671,76.51139282226562,70.24437194824219
9,48.15822692871094,66.33700561523438,52.57771820068359,43.908501892089845,45.32489318847656,42.25726089477539,43.06086593627929,42.23751892089844,56.62821624755859,73.00219207763672,76.51139282226562,70.09854217529296
10,48.15822692871094,66.15148681640625,52.57771820068359,44.06745986938476,45.44217224121093,0.0,43.11439453125,42.315615234374995,56.76642608642578,72.79585144042969,76.42500366210938,69.83345306396484
11,48.27260284423828,66.21559295654296,52.690943756103515,44.06745986938476,0.0,0.0,43.47755264282226,42.259552001953125,57.16291900634766,72.76389770507812,76.31076873779297,69.7470639038086
12,48.27537780761718,66.30035430908202,52.739720306396485,44.34867004394531,0.0,0.0,43.602948303222654,42.28986831665039,0.0,73.05955627441406,76.3719140625,69.67872161865235
13,48.0879524230957,66.30035430908202,52.64863998413086,0.0,0.0,0.0,0.0,0.0,0.0,73.17214416503906,76.06066314697266,69.43680633544922
14,48.048365936279296,66.30035430908202,0.0,0.0,0.0,0.0,0.0,0.0,0.0,73.13255767822265,75.97813842773438,0.0
15,48.10711441040039,66.33669158935547,0.0,0.0,0.0,0.0,0.0,0.0,0.0,73.02202697753906,75.97813842773438,0.0
16,48.22311172485352,66.43010467529297,0.0,0.0,0.0,0.0,0.0,0.0,0.0,73.10087310791015,75.8479522705078,0.0
17,48.17228439331055,66.37591278076172,0.0,0.0,0.0,0.0,0.0,0.0,0.0,73.4937387084961,0.0,0.0
18,48.116573638916016,66.37591278076172,0.0,0.0,0.0,0.0,0.0,0.0,0.0,73.34556335449219,0.0,0.0
19,48.0249966430664,66.18380584716796,0.0,0.0,0.0,0.0,0.0,0.0,0.0,73.1588589477539,0.0,0.0
20,48.06453506469727,0.0,0.0,0.0,0.0,0.0,0.0,0.0,0.0,73.13184631347656,0.0,0.0
21,47.9550650024414,0.0,0.0,0.0,0.0,0.0,0.0,0.0,0.0,0.0,0.0,0.0
22,0.0,0.0,0.0,0.0,0.0,0.0,0.0,0.0,0.0,0.0,0.0,0.0
23,0.0,0.0,0.0,0.0,0.0,0.0,0.0,0.0,0.0,0.0,0.0,0.0
24,0.0,0.0,0.0,0.0,0.0,0.0,0.0,0.0,0.0,0.0,0.0,0.0
25,0.0,0.0,0.0,0.0,0.0,0.0,0.0,0.0,0.0,0.0,0.0,0.0
26,0.0,0.0,0.0,0.0,0.0,0.0,0.0,0.0,0.0,0.0,0.0,0.0
27,0.0,0.0,0.0,0.0,0.0,0.0,0.0,0.0,0.0,0.0,0.0,0.0
28,0.0,0.0,0.0,0.0,0.0,0.0,0.0,0.0,0.0,0.0,0.0,0.0
29,0.0,0.0,0.0,0.0,0.0,0.0,0.0,0.0,0.0,0.0,0.0,0.0
30,0.0,0.0,0.0,0.0,0.0,0.0,0.0,0.0,0.0,0.0,0.0,0.0
31,0.0,0.0,0.0,0.0,0.0,0.0,0.0,0.0,0.0,0.0,0.0,0.0
32,0.0,0.0,0.0,0.0,0.0,0.0,0.0,0.0,0.0,0.0,0.0,0.0
33,0.0,0.0,0.0,0.0,0.0,0.0,0.0,0.0,0.0,0.0,0.0,0.0
34,0.0,0.0,0.0,0.0,0.0,0.0,0.0,0.0,0.0,0.0,0.0,0.0
35,0.0,0.0,0.0,0.0,0.0,0.0,0.0,0.0,0.0,0.0,0.0,0.0
36,0.0,0.0,0.0,0.0,0.0,0.0,0.0,0.0,0.0,0.0,0.0,0.0
37,0.0,0.0,0.0,0.0,0.0,0.0,0.0,0.0,0.0,0.0,0.0,0.0
38,0.0,0.0,0.0,0.0,0.0,0.0,0.0,0.0,0.0,0.0,0.0,0.0
39,0.0,0.0,0.0,0.0,0.0,0.0,0.0,0.0,0.0,0.0,0.0,0.0
40,0.0,0.0,0.0,0.0,0.0,0.0,0.0,0.0,0.0,0.0,0.0,0.0
41,0.0,0.0,0.0,0.0,0.0,0.0,0.0,0.0,0.0,0.0,0.0,0.0
42,0.0,0.0,0.0,0.0,0.0,0.0,0.0,0.0,0.0,0.0,0.0,0.0
43,0.0,0.0,0.0,0.0,0.0,0.0,0.0,0.0,0.0,0.0,0.0,0.0
44,0.0,0.0,0.0,0.0,0.0,0.0,0.0,0.0,0.0,0.0,0.0,0.0
45,0.0,0.0,0.0,0.0,0.0,0.0,0.0,0.0,0.0,0.0,0.0,0.0
46,0.0,0.0,0.0,0.0,0.0,0.0,0.0,0.0,0.0,0.0,0.0,0.0
47,0.0,0.0,0.0,0.0,0.0,0.0,0.0,0.0,0.0,0.0,0.0,0.0
48,0.0,0.0,0.0,0.0,0.0,0.0,0.0,0.0,0.0,0.0,0.0,0.0
49,0.0,0.0,0.0,0.0,0.0,0.0,0.0,0.0,0.0,0.0,0.0,0.0
50,0.0,0.0,0.0,0.0,0.0,0.0,0.0,0.0,0.0,0.0,0.0,0.0
51,0.0,0.0,0.0,0.0,0.0,0.0,0.0,0.0,0.0,0.0,0.0,0.0
52,0.0,0.0,0.0,0.0,0.0,0.0,0.0,0.0,0.0,0.0,0.0,0.0
53,0.0,0.0,0.0,0.0,0.0,0.0,0.0,0.0,0.0,0.0,0.0,0.0
54,0.0,0.0,0.0,0.0,0.0,0.0,0.0,0.0,0.0,0.0,0.0,0.0
55,0.0,0.0,0.0,0.0,0.0,0.0,0.0,0.0,0.0,0.0,0.0,0.0
56,0.0,0.0,0.0,0.0,0.0,0.0,0.0,0.0,0.0,0.0,0.0,0.0
57,0.0,0.0,0.0,0.0,0.0,0.0,0.0,0.0,0.0,0.0,0.0,0.0
58,0.0,0.0,0.0,0.0,0.0,0.0,0.0,0.0,0.0,0.0,0.0,0.0
59,0.0,0.0,0.0,0.0,0.0,0.0,0.0,0.0,0.0,0.0,0.0,0.0
60,0.0,0.0,0.0,0.0,0.0,0.0,0.0,0.0,0.0,0.0,0.0,0.0
61,0.0,0.0,0.0,0.0,0.0,0.0,0.0,0.0,0.0,0.0,0.0,0.0
62,0.0,0.0,0.0,0.0,0.0,0.0,0.0,0.0,0.0,0.0,0.0,0.0
63,0.0,0.0,0.0,0.0,0.0,0.0,0.0,0.0,0.0,0.0,0.0,0.0
64,0.0,0.0,0.0,0.0,0.0,0.0,0.0,0.0,0.0,0.0,0.0,0.0
65,0.0,0.0,0.0,0.0,0.0,0.0,0.0,0.0,0.0,0.0,0.0,0.0
66,0.0,0.0,0.0,0.0,0.0,0.0,0.0,0.0,0.0,0.0,0.0,0.0
67,0.0,0.0,0.0,0.0,0.0,0.0,0.0,0.0,0.0,0.0,0.0,0.0
68,0.0,0.0,0.0,0.0,0.0,0.0,0.0,0.0,0.0,0.0,0.0,0.0
69,0.0,0.0,0.0,0.0,0.0,0.0,0.0,0.0,0.0,0.0,0.0,0.0
70,0.0,0.0,0.0,0.0,0.0,0.0,0.0,0.0,0.0,0.0,0.0,0.0
71,0.0,0.0,0.0,0.0,0.0,0.0,0.0,0.0,0.0,0.0,0.0,0.0
72,0.0,0.0,0.0,0.0,0.0,0.0,0.0,0.0,0.0,0.0,0.0,0.0
73,0.0,0.0,0.0,0.0,0.0,0.0,0.0,0.0,0.0,0.0,0.0,0.0
74,0.0,0.0,0.0,0.0,0.0,0.0,0.0,0.0,0.0,0.0,0.0,0.0
