,0,1,2,3,4,5,6,7,8,9,10,11
0,50.19,53.55,46.199999999999996,49.98,47.67,48.72,47.67,50.82,57.75,69.72,79.38,76.64999999999999
1,50.28145843505859,53.459490051269526,46.199999999999996,50.01902252197265,47.59857513427734,48.69953384399414,47.67,50.98110168457031,58.230369873046875,69.76847534179687,79.38,76.55457458496093
2,50.30926254272461,53.42115325927734,46.21508926391601,50.01243118286133,47.59857513427734,48.738876800537106,47.710262603759766,51.543964233398434,58.37719299316406,69.77653106689453,79.31258697509766,76.50902801513672
3,50.28200317382812,53.524833068847656,46.25111572265625,50.11901092529297,47.54784393310547,48.96084823608398,47.710262603759766,51.847120971679686,59.08412292480469,69.60808502197266,79.1943081665039,76.33771728515624
4,50.44111175537109,53.43581634521484,46.25335235595703,50.11901092529297,47.66729553222656,48.86176345825195,47.710262603759766,52.00628723144531,59.42823760986328,69.52050384521485,78.89556060791016,76.14270080566406
5,50.7425862121582,53.47173065185547,46.26916259765625,50.18624130249023,47.67049346923828,48.79766372680664,47.73023208618164,52.356422882080075,59.605950622558595,69.57599670410156,78.95302093505859,76.05003112792969
6,50.83124404907226,53.58651351928711,46.31614471435547,50.18624130249023,47.67049346923828,48.79766372680664,47.77916244506836,52.95820220947265,60.239417724609375,69.53194335937499,78.75301208496093,75.99854370117187
7,50.91031768798828,53.56393569946289,46.367494354248045,50.31529632568359,47.404616088867186,48.700575256347655,47.772016754150386,53.47904296875,60.836637268066404,69.53262908935547,78.48297546386719,75.89568420410156
8,51.09200408935547,53.56821990966797,46.40696228027343,50.31529632568359,47.39248764038086,48.71175521850586,47.760647735595704,53.9210888671875,61.317718505859375,69.31366973876953,78.25795349121094,75.78583923339843
9,51.13667266845703,53.53290161132812,46.38811111450195,50.32262786865234,47.326234588623045,48.75526382446289,47.78548141479492,54.36201965332031,61.35221008300781,69.02150390625,77.76297821044922,75.49984497070312
10,51.240445404052736,53.58145706176757,46.48816680908203,50.189926300048825,47.326234588623045,48.75526382446289,47.7656689453125,54.889525451660155,61.64666381835937,68.68225982666016,77.57494079589843,75.39624206542969
11,51.28698532104492,53.726982421875,46.56239227294922,50.189926300048825,47.25069213867187,48.61136947631836,47.792950744628904,55.390768432617186,62.13369232177734,68.35303253173828,77.05533050537109,0.0
12,51.461452331542965,53.771131896972655,0.0,50.189926300048825,47.25069213867187,48.52327880859375,47.7918132019043,55.93858978271484,62.72042724609375,68.10086334228515,76.6925473022461,0.0
13,51.508421630859374,53.87981048583984,0.0,50.46946060180664,47.200419158935546,48.52327880859375,47.79979843139648,56.68392700195312,63.51806579589844,67.94363891601563,76.38798065185547,0.0
14,51.64425384521484,54.155185546874996,0.0,50.46946060180664,46.953319244384765,0.0,47.785196228027345,57.04837005615234,63.94775573730468,67.76472747802734,75.99304504394532,0.0
15,51.767512207031245,54.19181121826172,0.0,50.46946060180664,46.953319244384765,0.0,47.80025024414062,57.392760314941405,64.03668273925781,67.72041778564453,75.58257476806641,0.0
16,51.99205673217773,54.28125732421875,0.0,50.46946060180664,46.788622283935545,0.0,47.79537643432617,57.72497406005859,64.10542236328125,67.62792114257812,75.3107437133789,0.0
17,52.1977180480957,54.57516632080078,0.0,50.47938766479492,46.761898040771484,0.0,47.77921691894531,0.0,0.0,67.23635650634765,0.0,0.0
18,52.27275421142578,54.821727905273434,0.0,50.47938766479492,46.66647903442383,0.0,47.80146789550781,0.0,0.0,66.99333892822266,0.0,0.0
19,52.277301177978515,54.91494232177734,0.0,50.47938766479492,0.0,0.0,47.80167297363281,0.0,0.0,66.88638427734375,0.0,0.0
20,52.56925872802734,54.91915283203125,0.0,50.47938766479492,0.0,0.0,47.78923370361328,0.0,0.0,66.64856414794922,0.0,0.0
21,52.630250244140626,54.97554931640625,0.0,50.25409973144531,0.0,0.0,47.77443923950195,0.0,0.0,66.46769165039062,0.0,0.0
22,53.06570159912109,55.3197216796875,0.0,0.0,0.0,0.0,47.8002214050293,0.0,0.0,66.46769165039062,0.0,0.0
23,53.06570159912109,55.3197216796875,0.0,0.0,0.0,0.0,47.77341384887695,0.0,0.0,66.19865478515625,0.0,0.0
24,53.12416168212891,0.0,0.0,0.0,0.0,0.0,47.73585891723633,0.0,0.0,66.0378350830078,0.0,0.0
25,53.22951095581055,0.0,0.0,0.0,0.0,0.0,47.73978744506836,0.0,0.0,65.9681021118164,0.0,0.0
26,53.274698638916014,0.0,0.0,0.0,0.0,0.0,0.0,0.0,0.0,65.86493499755859,0.0,0.0
27,53.47979598999023,0.0,0.0,0.0,0.0,0.0,0.0,0.0,0.0,65.97317779541015,0.0,0.0
28,53.553223571777345,0.0,0.0,0.0,0.0,0.0,0.0,0.0,0.0,66.39679229736328,0.0,0.0
29,53.58206268310547,0.0,0.0,0.0,0.0,0.0,0.0,0.0,0.0,66.48464904785156,0.0,0.0
30,53.808398437499996,0.0,0.0,0.0,0.0,0.0,0.0,0.0,0.0,66.55499725341797,0.0,0.0
31,53.77709197998047,0.0,0.0,0.0,0.0,0.0,0.0,0.0,0.0,0.0,0.0,0.0
32,0.0,0.0,0.0,0.0,0.0,0.0,0.0,0.0,0.0,0.0,0.0,0.0
33,0.0,0.0,0.0,0.0,0.0,0.0,0.0,0.0,0.0,0.0,0.0,0.0
34,0.0,0.0,0.0,0.0,0.0,0.0,0.0,0.0,0.0,0.0,0.0,0.0
35,0.0,0.0,0.0,0.0,0.0,0.0,0.0,0.0,0.0,0.0,0.0,0.0
36,0.0,0.0,0.0,0.0,0.0,0.0,0.0,0.0,0.0,0.0,0.0,0.0
37,0.0,0.0,0.0,0.0,0.0,0.0,0.0,0.0,0.0,0.0,0.0,0.0
38,0.0,0.0,0.0,0.0,0.0,0.0,0.0,0.0,0.0,0.0,0.0,0.0
39,0.0,0.0,0.0,0.0,0.0,0.0,0.0,0.0,0.0,0.0,0.0,0.0
40,0.0,0.0,0.0,0.0,0.0,0.0,0.0,0.0,0.0,0.0,0.0,0.0
41,0.0,0.0,0.0,0.0,0.0,0.0,0.0,0.0,0.0,0.0,0.0,0.0
42,0.0,0.0,0.0,0.0,0.0,0.0,0.0,0.0,0.0,0.0,0.0,0.0
43,0.0,0.0,0.0,0.0,0.0,0.0,0.0,0.0,0.0,0.0,0.0,0.0
44,0.0,0.0,0.0,0.0,0.0,0.0,0.0,0.0,0.0,0.0,0.0,0.0
45,0.0,0.0,0.0,0.0,0.0,0.0,0.0,0.0,0.0,0.0,0.0,0.0
46,0.0,0.0,0.0,0.0,0.0,0.0,0.0,0.0,0.0,0.0,0.0,0.0
47,0.0,0.0,0.0,0.0,0.0,0.0,0.0,0.0,0.0,0.0,0.0,0.0
48,0.0,0.0,0.0,0.0,0.0,0.0,0.0,0.0,0.0,0.0,0.0,0.0
49,0.0,0.0,0.0,0.0,0.0,0.0,0.0,0.0,0.0,0.0,0.0,0.0
50,0.0,0.0,0.0,0.0,0.0,0.0,0.0,0.0,0.0,0.0,0.0,0.0
51,0.0,0.0,0.0,0.0,0.0,0.0,0.0,0.0,0.0,0.0,0.0,0.0
52,0.0,0.0,0.0,0.0,0.0,0.0,0.0,0.0,0.0,0.0,0.0,0.0
53,0.0,0.0,0.0,0.0,0.0,0.0,0.0,0.0,0.0,0.0,0.0,0.0
54,0.0,0.0,0.0,0.0,0.0,0.0,0.0,0.0,0.0,0.0,0.0,0.0
55,0.0,0.0,0.0,0.0,0.0,0.0,0.0,0.0,0.0,0.0,0.0,0.0
56,0.0,0.0,0.0,0.0,0.0,0.0,0.0,0.0,0.0,0.0,0.0,0.0
57,0.0,0.0,0.0,0.0,0.0,0.0,0.0,0.0,0.0,0.0,0.0,0.0
58,0.0,0.0,0.0,0.0,0.0,0.0,0.0,0.0,0.0,0.0,0.0,0.0
59,0.0,0.0,0.0,0.0,0.0,0.0,0.0,0.0,0.0,0.0,0.0,0.0
60,0.0,0.0,0.0,0.0,0.0,0.0,0.0,0.0,0.0,0.0,0.0,0.0
61,0.0,0.0,0.0,0.0,0.0,0.0,0.0,0.0,0.0,0.0,0.0,0.0
62,0.0,0.0,0.0,0.0,0.0,0.0,0.0,0.0,0.0,0.0,0.0,0.0
63,0.0,0.0,0.0,0.0,0.0,0.0,0.0,0.0,0.0,0.0,0.0,0.0
64,0.0,0.0,0.0,0.0,0.0,0.0,0.0,0.0,0.0,0.0,0.0,0.0
65,0.0,0.0,0.0,0.0,0.0,0.0,0.0,0.0,0.0,0.0,0.0,0.0
66,0.0,0.0,0.0,0.0,0.0,0.0,0.0,0.0,0.0,0.0,0.0,0.0
67,0.0,0.0,0.0,0.0,0.0,0.0,0.0,0.0,0.0,0.0,0.0,0.0
68,0.0,0.0,0.0,0.0,0.0,0.0,0.0,0.0,0.0,0.0,0.0,0.0
69,0.0,0.0,0.0,0.0,0.0,0.0,0.0,0.0,0.0,0.0,0.0,0.0
70,0.0,0.0,0.0,0.0,0.0,0.0,0.0,0.0,0.0,0.0,0.0,0.0
71,0.0,0.0,0.0,0.0,0.0,0.0,0.0,0.0,0.0,0.0,0.0,0.0
72,0.0,0.0,0.0,0.0,0.0,0.0,0.0,0.0,0.0,0.0,0.0,0.0
73,0.0,0.0,0.0,0.0,0.0,0.0,0.0,0.0,0.0,0.0,0.0,0.0
74,0.0,0.0,0.0,0.0,0.0,0.0,0.0,0.0,0.0,0.0,0.0,0.0
