,0,1,2,3,4,5,6,7,8,9,10,11
0,49.559999999999995,38.85,36.75,55.23,57.54,60.059999999999995,39.269999999999996,30.869999999999997,32.129999999999995,50.19,59.22,61.949999999999996
1,49.95135635375976,38.93864822387695,36.749785308837886,55.15880584716797,57.42851440429687,59.94431030273437,39.210831756591794,30.79302520751953,32.0519709777832,50.75096557617187,59.310900878906246,62.13505737304687
2,49.94170806884765,39.140794372558595,37.07983291625976,55.108138732910156,57.379417419433594,59.817270812988276,39.04297210693359,30.72155548095703,31.966940460205077,50.72663497924805,59.37194366455078,62.24914489746094
3,50.222758026123046,39.512123565673825,37.49738800048828,55.108138732910156,57.335729370117186,59.70133758544922,39.45970367431641,31.061126403808593,32.29996810913086,50.79094619750976,59.300397033691404,62.18059753417968
4,50.46684265136719,39.512123565673825,36.945929718017574,55.11829650878906,57.38596069335937,59.7026513671875,39.47512298583984,31.087177734375,32.33432830810547,50.58561492919922,59.057597351074214,62.11374847412109
5,50.47133514404297,40.03557586669922,37.52951477050781,55.14113708496094,57.39498413085937,59.66852508544922,39.4746743774414,31.07889129638672,32.328310546875,50.58561492919922,59.146620483398436,62.232104187011714
6,50.56213348388672,40.263734893798826,37.83660003662109,55.243406982421874,57.492293701171874,59.66910827636718,39.42670211791992,31.02542999267578,32.27331756591797,50.739074249267574,59.165429992675776,62.286866455078126
7,50.77011795043945,39.24365386962891,36.21131103515625,55.13808013916015,57.44010772705078,59.65315063476562,39.279177246093745,30.92715911865234,32.173223419189455,51.12466918945312,59.35451202392578,62.42215393066406
8,50.76654830932617,39.999184112548825,38.423584899902345,55.018974609375,57.292342529296874,59.59381256103515,39.26124252319336,30.945843658447263,32.18889907836914,51.173875122070314,59.46849700927734,62.593983764648435
9,50.94173309326172,40.2013655090332,38.61270858764648,54.939705505371094,57.22332092285156,59.546093444824216,39.44248672485352,31.056598663330078,32.32124496459961,51.27695892333984,59.559820861816405,62.73602600097656
10,51.05094360351562,40.37755325317383,38.725882873535156,54.90678405761719,57.18929718017578,59.54243408203125,39.37857284545898,31.030060272216797,32.301204986572266,51.24109909057617,59.54419006347656,0.0
11,51.03192581176758,40.366424560546875,38.74489105224609,54.74192687988281,57.0297720336914,59.62982940673828,39.48710403442383,30.877273864746094,32.15014572143554,51.22970123291015,59.52480377197266,0.0
12,50.97886184692383,40.295775146484374,38.715904541015625,54.72094482421875,56.970914611816404,59.60714263916015,39.45337829589844,30.85797409057617,0.0,51.22970123291015,59.63840423583984,0.0
13,50.77896514892578,40.05204620361328,0.0,54.45979064941406,56.74854583740234,59.36556701660156,39.411112976074214,30.891558837890624,0.0,51.557089233398436,59.88060791015625,0.0
14,50.888403167724604,39.91506683349609,0.0,54.39346069335937,56.68643280029297,59.31075347900391,39.384872589111325,30.822928161621093,0.0,51.492297363281246,60.01087738037109,0.0
15,50.84784255981445,39.63476669311523,0.0,54.402740478515625,56.67132751464843,59.238655700683594,39.439795074462886,30.953524475097655,0.0,51.49159240722656,59.99079895019531,0.0
16,50.82029800415039,39.513216247558596,0.0,54.402740478515625,56.670917358398434,59.22447967529297,39.33522445678711,30.89724334716797,0.0,51.435692596435544,0.0,0.0
17,50.70141357421875,0.0,0.0,54.33366760253906,56.58632904052734,59.13037445068359,39.378893280029295,31.0328352355957,0.0,0.0,0.0,0.0
18,50.59157821655273,0.0,0.0,54.24001098632812,56.483232421874995,59.02714324951172,39.39983367919922,0.0,0.0,0.0,0.0,0.0
19,50.486837768554686,0.0,0.0,54.05043548583984,56.26292083740234,58.70340179443359,39.40522979736328,0.0,0.0,0.0,0.0,0.0
20,50.42457092285156,0.0,0.0,53.94778106689453,56.15875396728516,58.57450378417968,0.0,0.0,0.0,0.0,0.0,0.0
21,50.390428619384764,0.0,0.0,54.01279724121093,56.18426696777343,58.47515625,0.0,0.0,0.0,0.0,0.0,0.0
22,50.340469665527344,0.0,0.0,53.86907592773437,56.03373962402343,0.0,0.0,0.0,0.0,0.0,0.0,0.0
23,50.28224990844726,0.0,0.0,53.769754028320314,55.97154327392578,0.0,0.0,0.0,0.0,0.0,0.0,0.0
24,0.0,0.0,0.0,53.733426361083986,55.94009582519531,0.0,0.0,0.0,0.0,0.0,0.0,0.0
25,0.0,0.0,0.0,53.58490173339843,55.65394134521484,0.0,0.0,0.0,0.0,0.0,0.0,0.0
26,0.0,0.0,0.0,53.62617691040039,55.658773498535155,0.0,0.0,0.0,0.0,0.0,0.0,0.0
27,0.0,0.0,0.0,53.52165115356445,55.55954132080078,0.0,0.0,0.0,0.0,0.0,0.0,0.0
28,0.0,0.0,0.0,53.62829818725586,55.64662261962891,0.0,0.0,0.0,0.0,0.0,0.0,0.0
29,0.0,0.0,0.0,0.0,0.0,0.0,0.0,0.0,0.0,0.0,0.0,0.0
30,0.0,0.0,0.0,0.0,0.0,0.0,0.0,0.0,0.0,0.0,0.0,0.0
31,0.0,0.0,0.0,0.0,0.0,0.0,0.0,0.0,0.0,0.0,0.0,0.0
32,0.0,0.0,0.0,0.0,0.0,0.0,0.0,0.0,0.0,0.0,0.0,0.0
33,0.0,0.0,0.0,0.0,0.0,0.0,0.0,0.0,0.0,0.0,0.0,0.0
34,0.0,0.0,0.0,0.0,0.0,0.0,0.0,0.0,0.0,0.0,0.0,0.0
35,0.0,0.0,0.0,0.0,0.0,0.0,0.0,0.0,0.0,0.0,0.0,0.0
36,0.0,0.0,0.0,0.0,0.0,0.0,0.0,0.0,0.0,0.0,0.0,0.0
37,0.0,0.0,0.0,0.0,0.0,0.0,0.0,0.0,0.0,0.0,0.0,0.0
38,0.0,0.0,0.0,0.0,0.0,0.0,0.0,0.0,0.0,0.0,0.0,0.0
39,0.0,0.0,0.0,0.0,0.0,0.0,0.0,0.0,0.0,0.0,0.0,0.0
40,0.0,0.0,0.0,0.0,0.0,0.0,0.0,0.0,0.0,0.0,0.0,0.0
41,0.0,0.0,0.0,0.0,0.0,0.0,0.0,0.0,0.0,0.0,0.0,0.0
42,0.0,0.0,0.0,0.0,0.0,0.0,0.0,0.0,0.0,0.0,0.0,0.0
43,0.0,0.0,0.0,0.0,0.0,0.0,0.0,0.0,0.0,0.0,0.0,0.0
44,0.0,0.0,0.0,0.0,0.0,0.0,0.0,0.0,0.0,0.0,0.0,0.0
45,0.0,0.0,0.0,0.0,0.0,0.0,0.0,0.0,0.0,0.0,0.0,0.0
46,0.0,0.0,0.0,0.0,0.0,0.0,0.0,0.0,0.0,0.0,0.0,0.0
47,0.0,0.0,0.0,0.0,0.0,0.0,0.0,0.0,0.0,0.0,0.0,0.0
48,0.0,0.0,0.0,0.0,0.0,0.0,0.0,0.0,0.0,0.0,0.0,0.0
49,0.0,0.0,0.0,0.0,0.0,0.0,0.0,0.0,0.0,0.0,0.0,0.0
50,0.0,0.0,0.0,0.0,0.0,0.0,0.0,0.0,0.0,0.0,0.0,0.0
51,0.0,0.0,0.0,0.0,0.0,0.0,0.0,0.0,0.0,0.0,0.0,0.0
52,0.0,0.0,0.0,0.0,0.0,0.0,0.0,0.0,0.0,0.0,0.0,0.0
53,0.0,0.0,0.0,0.0,0.0,0.0,0.0,0.0,0.0,0.0,0.0,0.0
54,0.0,0.0,0.0,0.0,0.0,0.0,0.0,0.0,0.0,0.0,0.0,0.0
55,0.0,0.0,0.0,0.0,0.0,0.0,0.0,0.0,0.0,0.0,0.0,0.0
56,0.0,0.0,0.0,0.0,0.0,0.0,0.0,0.0,0.0,0.0,0.0,0.0
57,0.0,0.0,0.0,0.0,0.0,0.0,0.0,0.0,0.0,0.0,0.0,0.0
58,0.0,0.0,0.0,0.0,0.0,0.0,0.0,0.0,0.0,0.0,0.0,0.0
59,0.0,0.0,0.0,0.0,0.0,0.0,0.0,0.0,0.0,0.0,0.0,0.0
60,0.0,0.0,0.0,0.0,0.0,0.0,0.0,0.0,0.0,0.0,0.0,0.0
61,0.0,0.0,0.0,0.0,0.0,0.0,0.0,0.0,0.0,0.0,0.0,0.0
62,0.0,0.0,0.0,0.0,0.0,0.0,0.0,0.0,0.0,0.0,0.0,0.0
63,0.0,0.0,0.0,0.0,0.0,0.0,0.0,0.0,0.0,0.0,0.0,0.0
64,0.0,0.0,0.0,0.0,0.0,0.0,0.0,0.0,0.0,0.0,0.0,0.0
65,0.0,0.0,0.0,0.0,0.0,0.0,0.0,0.0,0.0,0.0,0.0,0.0
66,0.0,0.0,0.0,0.0,0.0,0.0,0.0,0.0,0.0,0.0,0.0,0.0
67,0.0,0.0,0.0,0.0,0.0,0.0,0.0,0.0,0.0,0.0,0.0,0.0
68,0.0,0.0,0.0,0.0,0.0,0.0,0.0,0.0,0.0,0.0,0.0,0.0
69,0.0,0.0,0.0,0.0,0.0,0.0,0.0,0.0,0.0,0.0,0.0,0.0
70,0.0,0.0,0.0,0.0,0.0,0.0,0.0,0.0,0.0,0.0,0.0,0.0
71,0.0,0.0,0.0,0.0,0.0,0.0,0.0,0.0,0.0,0.0,0.0,0.0
72,0.0,0.0,0.0,0.0,0.0,0.0,0.0,0.0,0.0,0.0,0.0,0.0
73,0.0,0.0,0.0,0.0,0.0,0.0,0.0,0.0,0.0,0.0,0.0,0.0
74,0.0,0.0,0.0,0.0,0.0,0.0,0.0,0.0,0.0,0.0,0.0,0.0
