,0,1,2,3,4,5,6,7,8,9,10,11
0,72.03,60.48,68.03999999999999,68.88,69.3,65.73,65.73,66.99,65.31,65.1,61.53,61.11
1,71.830048828125,60.454967651367184,68.03999999999999,69.07813751220704,69.57523406982422,65.74091400146484,65.82001647949218,67.05430480957031,65.31,65.19893096923828,61.53396057128906,61.18807708740234
2,71.53445434570312,60.049130859375,67.69610321044922,69.20732391357421,69.64942749023437,65.74091400146484,65.83032165527344,67.09446166992187,65.32990539550781,65.31660736083984,61.63450653076172,61.256650085449216
3,71.28291320800781,59.94780944824218,67.69610321044922,69.29390533447265,69.76607849121093,65.8683316040039,65.76088348388672,66.98536010742187,65.2256103515625,65.41113555908203,61.67247802734375,61.209430847167965
4,71.10087432861327,59.94780944824218,67.69610321044922,69.37867950439453,69.88275512695313,65.81351165771484,65.71665069580078,66.9349429321289,65.16679138183594,65.88659637451171,62.048334960937495,61.24612701416015
5,71.09445281982421,59.94780944824218,67.35250122070312,69.4377163696289,69.94167663574218,65.83553192138672,65.68082611083985,66.84550323486327,65.09655212402343,65.9847134399414,62.05396820068359,61.24612701416015
6,71.09445281982421,59.54511932373047,67.33797912597656,69.59219146728515,70.14074340820312,65.81421661376953,65.69514953613282,66.85130310058594,65.06526489257813,65.93225830078124,61.97421844482422,61.21658935546875
7,70.90494140625,59.54511932373047,67.2866583251953,69.6331430053711,70.24102661132812,65.84723419189453,65.64700744628907,66.7786669921875,64.95161315917969,65.93225830078124,61.8323876953125,61.12315704345703
8,70.79960815429688,59.470470886230466,67.24884704589843,69.7379507446289,70.30114013671874,66.0335220336914,65.63544616699218,66.75677490234375,64.94440338134766,66.03393218994141,61.934811401367185,61.16357025146484
9,70.89077819824219,59.470470886230466,67.23297912597656,69.80422302246093,70.38827911376953,65.98687316894531,65.57194244384766,66.72440460205078,64.9520361328125,66.4855014038086,62.217082214355464,61.585242919921875
10,70.89077819824219,59.431217651367184,67.23297912597656,69.89200286865234,70.49966857910157,66.08200378417969,65.54177032470703,66.72408416748047,64.91976196289062,66.6040557861328,62.290307922363276,61.6992984008789
11,70.82317932128906,59.50766052246094,67.23297912597656,69.88236419677735,70.45085357666015,66.00679779052734,65.55001831054688,66.6970587158203,64.89417205810547,66.4522915649414,62.176713867187495,61.66476196289062
12,70.72678619384766,59.42400787353515,0.0,69.95449401855468,70.55511016845703,66.15158935546874,65.54034759521484,66.68385040283204,64.89958740234374,66.44883087158203,62.141075134277344,61.80001739501953
13,70.72060180664062,59.16789093017578,0.0,69.85388397216796,70.44317596435546,66.03452819824219,65.35016967773437,66.49374298095702,64.70302642822266,66.54817199707031,62.15502044677734,61.839482116699216
14,70.7310415649414,59.072580871582026,0.0,69.83940673828124,70.37981964111327,66.08425323486328,65.36459564208984,66.49934417724609,64.66229919433593,66.52256286621093,62.12523284912109,61.817045288085936
15,70.6480810546875,59.030905151367186,0.0,69.82607666015625,70.3344140625,66.06829559326172,65.35211151123046,66.38510284423828,64.53473419189453,66.73415222167968,62.39100769042969,62.130699462890625
16,70.6480810546875,59.06888946533203,0.0,69.89143890380859,70.408857421875,66.07231384277344,65.39301177978516,66.42569549560547,64.47874786376953,66.99108306884766,62.63786407470703,62.21184631347656
17,70.64707489013672,58.80334533691406,0.0,69.75955444335938,70.2920654296875,0.0,65.32690612792969,66.34345275878906,64.39552459716796,67.02307525634765,62.653424377441404,62.20679626464843
18,70.67673431396484,58.28390167236328,0.0,69.79512908935547,70.38961853027344,0.0,65.34349822998047,66.35990386962891,64.4073550415039,66.97588806152343,62.55768493652344,0.0
19,70.7032534790039,58.34713623046875,0.0,69.86657318115235,70.41630432128906,0.0,65.33170623779297,66.33663391113281,64.33535980224609,67.27804504394531,62.75762969970703,0.0
20,70.69069885253906,0.0,0.0,70.01375518798828,70.47005401611328,0.0,65.38216186523437,66.34767608642578,0.0,67.38972930908203,62.796773986816405,0.0
21,70.69069885253906,0.0,0.0,70.00944213867187,0.0,0.0,65.32964263916016,66.22619934082032,0.0,67.70865783691406,0.0,0.0
22,70.69069885253906,0.0,0.0,69.9676318359375,0.0,0.0,65.39060852050781,66.24031127929688,0.0,0.0,0.0,0.0
23,70.61900482177734,0.0,0.0,69.95856353759766,0.0,0.0,65.3858724975586,66.18656799316406,0.0,0.0,0.0,0.0
24,70.58197540283203,0.0,0.0,69.9008724975586,0.0,0.0,65.298720703125,66.0857080078125,0.0,0.0,0.0,0.0
25,70.62029296875,0.0,0.0,69.91641357421875,0.0,0.0,65.25476348876953,66.00180541992188,0.0,0.0,0.0,0.0
26,70.57860443115234,0.0,0.0,69.83636260986327,0.0,0.0,65.2968814086914,65.99757568359375,0.0,0.0,0.0,0.0
27,70.5494448852539,0.0,0.0,69.89117614746094,0.0,0.0,65.24860473632812,0.0,0.0,0.0,0.0,0.0
28,70.40059661865234,0.0,0.0,69.89117614746094,0.0,0.0,65.36109008789062,0.0,0.0,0.0,0.0,0.0
29,0.0,0.0,0.0,69.93606262207031,0.0,0.0,65.36885101318359,0.0,0.0,0.0,0.0,0.0
30,0.0,0.0,0.0,70.0564306640625,0.0,0.0,65.3884423828125,0.0,0.0,0.0,0.0,0.0
31,0.0,0.0,0.0,70.13733398437499,0.0,0.0,65.3884423828125,0.0,0.0,0.0,0.0,0.0
32,0.0,0.0,0.0,0.0,0.0,0.0,65.37413818359374,0.0,0.0,0.0,0.0,0.0
33,0.0,0.0,0.0,0.0,0.0,0.0,65.42746490478515,0.0,0.0,0.0,0.0,0.0
34,0.0,0.0,0.0,0.0,0.0,0.0,65.38418060302735,0.0,0.0,0.0,0.0,0.0
35,0.0,0.0,0.0,0.0,0.0,0.0,65.37521484375,0.0,0.0,0.0,0.0,0.0
36,0.0,0.0,0.0,0.0,0.0,0.0,65.3861865234375,0.0,0.0,0.0,0.0,0.0
37,0.0,0.0,0.0,0.0,0.0,0.0,65.34406860351562,0.0,0.0,0.0,0.0,0.0
38,0.0,0.0,0.0,0.0,0.0,0.0,65.3978759765625,0.0,0.0,0.0,0.0,0.0
39,0.0,0.0,0.0,0.0,0.0,0.0,65.39799133300781,0.0,0.0,0.0,0.0,0.0
40,0.0,0.0,0.0,0.0,0.0,0.0,65.33170623779297,0.0,0.0,0.0,0.0,0.0
41,0.0,0.0,0.0,0.0,0.0,0.0,65.40022155761719,0.0,0.0,0.0,0.0,0.0
42,0.0,0.0,0.0,0.0,0.0,0.0,65.41456420898437,0.0,0.0,0.0,0.0,0.0
43,0.0,0.0,0.0,0.0,0.0,0.0,0.0,0.0,0.0,0.0,0.0,0.0
44,0.0,0.0,0.0,0.0,0.0,0.0,0.0,0.0,0.0,0.0,0.0,0.0
45,0.0,0.0,0.0,0.0,0.0,0.0,0.0,0.0,0.0,0.0,0.0,0.0
46,0.0,0.0,0.0,0.0,0.0,0.0,0.0,0.0,0.0,0.0,0.0,0.0
47,0.0,0.0,0.0,0.0,0.0,0.0,0.0,0.0,0.0,0.0,0.0,0.0
48,0.0,0.0,0.0,0.0,0.0,0.0,0.0,0.0,0.0,0.0,0.0,0.0
49,0.0,0.0,0.0,0.0,0.0,0.0,0.0,0.0,0.0,0.0,0.0,0.0
50,0.0,0.0,0.0,0.0,0.0,0.0,0.0,0.0,0.0,0.0,0.0,0.0
51,0.0,0.0,0.0,0.0,0.0,0.0,0.0,0.0,0.0,0.0,0.0,0.0
52,0.0,0.0,0.0,0.0,0.0,0.0,0.0,0.0,0.0,0.0,0.0,0.0
53,0.0,0.0,0.0,0.0,0.0,0.0,0.0,0.0,0.0,0.0,0.0,0.0
54,0.0,0.0,0.0,0.0,0.0,0.0,0.0,0.0,0.0,0.0,0.0,0.0
55,0.0,0.0,0.0,0.0,0.0,0.0,0.0,0.0,0.0,0.0,0.0,0.0
56,0.0,0.0,0.0,0.0,0.0,0.0,0.0,0.0,0.0,0.0,0.0,0.0
57,0.0,0.0,0.0,0.0,0.0,0.0,0.0,0.0,0.0,0.0,0.0,0.0
58,0.0,0.0,0.0,0.0,0.0,0.0,0.0,0.0,0.0,0.0,0.0,0.0
59,0.0,0.0,0.0,0.0,0.0,0.0,0.0,0.0,0.0,0.0,0.0,0.0
60,0.0,0.0,0.0,0.0,0.0,0.0,0.0,0.0,0.0,0.0,0.0,0.0
61,0.0,0.0,0.0,0.0,0.0,0.0,0.0,0.0,0.0,0.0,0.0,0.0
62,0.0,0.0,0.0,0.0,0.0,0.0,0.0,0.0,0.0,0.0,0.0,0.0
63,0.0,0.0,0.0,0.0,0.0,0.0,0.0,0.0,0.0,0.0,0.0,0.0
64,0.0,0.0,0.0,0.0,0.0,0.0,0.0,0.0,0.0,0.0,0.0,0.0
65,0.0,0.0,0.0,0.0,0.0,0.0,0.0,0.0,0.0,0.0,0.0,0.0
66,0.0,0.0,0.0,0.0,0.0,0.0,0.0,0.0,0.0,0.0,0.0,0.0
67,0.0,0.0,0.0,0.0,0.0,0.0,0.0,0.0,0.0,0.0,0.0,0.0
68,0.0,0.0,0.0,0.0,0.0,0.0,0.0,0.0,0.0,0.0,0.0,0.0
69,0.0,0.0,0.0,0.0,0.0,0.0,0.0,0.0,0.0,0.0,0.0,0.0
70,0.0,0.0,0.0,0.0,0.0,0.0,0.0,0.0,0.0,0.0,0.0,0.0
71,0.0,0.0,0.0,0.0,0.0,0.0,0.0,0.0,0.0,0.0,0.0,0.0
72,0.0,0.0,0.0,0.0,0.0,0.0,0.0,0.0,0.0,0.0,0.0,0.0
73,0.0,0.0,0.0,0.0,0.0,0.0,0.0,0.0,0.0,0.0,0.0,0.0
74,0.0,0.0,0.0,0.0,0.0,0.0,0.0,0.0,0.0,0.0,0.0,0.0
