,0,1,2,3,4,5,6,7,8,9,10,11
0,56.28,57.96,56.07,41.58,42.629999999999995,42.42,58.8,59.64,61.11,59.43,59.22,56.28
1,56.38712768554687,58.087257385253906,56.170892028808595,41.499452362060545,42.627035980224605,42.40055282592773,58.63638610839843,59.611872253417964,61.092587585449216,59.884940185546874,59.54552307128906,56.79384887695312
2,56.41039123535156,58.160713806152344,56.19854553222656,41.499452362060545,42.40283432006836,42.50863220214843,58.52379821777343,59.556943359375,61.04513122558593,60.40005798339843,60.00599395751953,57.49803588867187
3,56.48726989746093,58.21174621582031,56.26929748535156,41.47804733276367,42.27640045166015,42.44627243041992,58.45951904296875,59.53334014892578,61.054878845214844,60.75815002441406,60.289559326171876,57.81092102050781
4,56.488705444335935,58.18889282226562,56.247309265136714,41.49456573486328,42.27640045166015,42.44627243041992,58.47880920410156,59.383742065429686,60.941451416015624,61.094253845214844,60.577232666015625,58.12361389160156
5,56.47003692626953,58.18656005859375,56.208863525390626,41.495277099609375,42.27640045166015,42.44627243041992,58.37859008789062,59.348167419433594,60.897058410644526,61.43841339111328,60.89941040039062,58.43247436523437
6,56.36767730712891,58.07217132568359,56.093353271484375,41.47340744018555,42.294351196289064,42.42021469116211,58.17294158935547,59.265572204589844,60.827485656738276,61.80886138916016,61.47478912353515,58.868425598144526
7,56.28366577148437,58.065756225585936,55.997966308593746,41.42386184692383,42.24679550170898,42.36523773193359,58.02326019287109,59.22801727294922,60.79765960693359,62.189467163085936,61.79737060546875,59.37467376708984
8,55.55672790527343,57.334229736328126,55.14847503662109,41.16631576538086,42.24679550170898,42.153343963623044,57.88462738037109,59.22801727294922,60.840469665527344,62.45412689208984,62.203675231933595,59.72520355224609
9,55.33733917236328,57.15486968994141,54.910443420410154,41.18846740722656,42.30354125976562,42.19730758666992,57.88148071289062,59.287374572753905,60.92343017578125,62.624610900878906,62.456632690429686,60.025957031249995
10,54.889813842773435,57.15486968994141,54.44715270996094,41.14445892333984,42.30354125976562,42.133775024414064,57.79102844238281,59.31691223144531,60.97120056152343,62.843134460449214,62.73208465576172,60.378934936523436
11,55.06637969970703,57.381429748535155,54.65549285888672,41.12693115234375,42.244664611816404,0.0,57.74512298583984,59.32360290527343,61.01042175292969,63.13895965576172,0.0,0.0
12,55.04648712158203,57.43245574951172,54.63212677001953,41.128119964599605,0.0,0.0,57.59863311767578,59.322218627929686,61.02244445800781,0.0,0.0,0.0
13,54.97975982666016,57.43245574951172,54.57820404052734,0.0,0.0,0.0,57.47732299804687,59.051041259765626,0.0,0.0,0.0,0.0
14,54.98525848388672,57.48941619873047,54.57820404052734,0.0,0.0,0.0,57.37075286865234,58.98412170410156,0.0,0.0,0.0,0.0
15,54.811531677246094,57.41823486328125,54.44328826904297,0.0,0.0,0.0,0.0,0.0,0.0,0.0,0.0,0.0
16,54.78767211914062,57.52211975097656,54.433143310546875,0.0,0.0,0.0,0.0,0.0,0.0,0.0,0.0,0.0
17,54.77789245605469,57.52211975097656,54.42073608398437,0.0,0.0,0.0,0.0,0.0,0.0,0.0,0.0,0.0
18,54.99594818115234,57.78502349853515,54.63641418457031,0.0,0.0,0.0,0.0,0.0,0.0,0.0,0.0,0.0
19,55.40459838867187,58.27034729003906,0.0,0.0,0.0,0.0,0.0,0.0,0.0,0.0,0.0,0.0
20,55.51182220458984,58.561263427734374,0.0,0.0,0.0,0.0,0.0,0.0,0.0,0.0,0.0,0.0
21,56.08798919677734,59.06449951171875,0.0,0.0,0.0,0.0,0.0,0.0,0.0,0.0,0.0,0.0
22,56.422567749023436,0.0,0.0,0.0,0.0,0.0,0.0,0.0,0.0,0.0,0.0,0.0
23,56.75569152832031,0.0,0.0,0.0,0.0,0.0,0.0,0.0,0.0,0.0,0.0,0.0
24,0.0,0.0,0.0,0.0,0.0,0.0,0.0,0.0,0.0,0.0,0.0,0.0
25,0.0,0.0,0.0,0.0,0.0,0.0,0.0,0.0,0.0,0.0,0.0,0.0
26,0.0,0.0,0.0,0.0,0.0,0.0,0.0,0.0,0.0,0.0,0.0,0.0
27,0.0,0.0,0.0,0.0,0.0,0.0,0.0,0.0,0.0,0.0,0.0,0.0
28,0.0,0.0,0.0,0.0,0.0,0.0,0.0,0.0,0.0,0.0,0.0,0.0
29,0.0,0.0,0.0,0.0,0.0,0.0,0.0,0.0,0.0,0.0,0.0,0.0
30,0.0,0.0,0.0,0.0,0.0,0.0,0.0,0.0,0.0,0.0,0.0,0.0
31,0.0,0.0,0.0,0.0,0.0,0.0,0.0,0.0,0.0,0.0,0.0,0.0
32,0.0,0.0,0.0,0.0,0.0,0.0,0.0,0.0,0.0,0.0,0.0,0.0
33,0.0,0.0,0.0,0.0,0.0,0.0,0.0,0.0,0.0,0.0,0.0,0.0
34,0.0,0.0,0.0,0.0,0.0,0.0,0.0,0.0,0.0,0.0,0.0,0.0
35,0.0,0.0,0.0,0.0,0.0,0.0,0.0,0.0,0.0,0.0,0.0,0.0
36,0.0,0.0,0.0,0.0,0.0,0.0,0.0,0.0,0.0,0.0,0.0,0.0
37,0.0,0.0,0.0,0.0,0.0,0.0,0.0,0.0,0.0,0.0,0.0,0.0
38,0.0,0.0,0.0,0.0,0.0,0.0,0.0,0.0,0.0,0.0,0.0,0.0
39,0.0,0.0,0.0,0.0,0.0,0.0,0.0,0.0,0.0,0.0,0.0,0.0
40,0.0,0.0,0.0,0.0,0.0,0.0,0.0,0.0,0.0,0.0,0.0,0.0
41,0.0,0.0,0.0,0.0,0.0,0.0,0.0,0.0,0.0,0.0,0.0,0.0
42,0.0,0.0,0.0,0.0,0.0,0.0,0.0,0.0,0.0,0.0,0.0,0.0
43,0.0,0.0,0.0,0.0,0.0,0.0,0.0,0.0,0.0,0.0,0.0,0.0
44,0.0,0.0,0.0,0.0,0.0,0.0,0.0,0.0,0.0,0.0,0.0,0.0
45,0.0,0.0,0.0,0.0,0.0,0.0,0.0,0.0,0.0,0.0,0.0,0.0
46,0.0,0.0,0.0,0.0,0.0,0.0,0.0,0.0,0.0,0.0,0.0,0.0
47,0.0,0.0,0.0,0.0,0.0,0.0,0.0,0.0,0.0,0.0,0.0,0.0
48,0.0,0.0,0.0,0.0,0.0,0.0,0.0,0.0,0.0,0.0,0.0,0.0
49,0.0,0.0,0.0,0.0,0.0,0.0,0.0,0.0,0.0,0.0,0.0,0.0
50,0.0,0.0,0.0,0.0,0.0,0.0,0.0,0.0,0.0,0.0,0.0,0.0
51,0.0,0.0,0.0,0.0,0.0,0.0,0.0,0.0,0.0,0.0,0.0,0.0
52,0.0,0.0,0.0,0.0,0.0,0.0,0.0,0.0,0.0,0.0,0.0,0.0
53,0.0,0.0,0.0,0.0,0.0,0.0,0.0,0.0,0.0,0.0,0.0,0.0
54,0.0,0.0,0.0,0.0,0.0,0.0,0.0,0.0,0.0,0.0,0.0,0.0
55,0.0,0.0,0.0,0.0,0.0,0.0,0.0,0.0,0.0,0.0,0.0,0.0
56,0.0,0.0,0.0,0.0,0.0,0.0,0.0,0.0,0.0,0.0,0.0,0.0
57,0.0,0.0,0.0,0.0,0.0,0.0,0.0,0.0,0.0,0.0,0.0,0.0
58,0.0,0.0,0.0,0.0,0.0,0.0,0.0,0.0,0.0,0.0,0.0,0.0
59,0.0,0.0,0.0,0.0,0.0,0.0,0.0,0.0,0.0,0.0,0.0,0.0
60,0.0,0.0,0.0,0.0,0.0,0.0,0.0,0.0,0.0,0.0,0.0,0.0
61,0.0,0.0,0.0,0.0,0.0,0.0,0.0,0.0,0.0,0.0,0.0,0.0
62,0.0,0.0,0.0,0.0,0.0,0.0,0.0,0.0,0.0,0.0,0.0,0.0
63,0.0,0.0,0.0,0.0,0.0,0.0,0.0,0.0,0.0,0.0,0.0,0.0
64,0.0,0.0,0.0,0.0,0.0,0.0,0.0,0.0,0.0,0.0,0.0,0.0
65,0.0,0.0,0.0,0.0,0.0,0.0,0.0,0.0,0.0,0.0,0.0,0.0
66,0.0,0.0,0.0,0.0,0.0,0.0,0.0,0.0,0.0,0.0,0.0,0.0
67,0.0,0.0,0.0,0.0,0.0,0.0,0.0,0.0,0.0,0.0,0.0,0.0
68,0.0,0.0,0.0,0.0,0.0,0.0,0.0,0.0,0.0,0.0,0.0,0.0
69,0.0,0.0,0.0,0.0,0.0,0.0,0.0,0.0,0.0,0.0,0.0,0.0
70,0.0,0.0,0.0,0.0,0.0,0.0,0.0,0.0,0.0,0.0,0.0,0.0
71,0.0,0.0,0.0,0.0,0.0,0.0,0.0,0.0,0.0,0.0,0.0,0.0
72,0.0,0.0,0.0,0.0,0.0,0.0,0.0,0.0,0.0,0.0,0.0,0.0
73,0.0,0.0,0.0,0.0,0.0,0.0,0.0,0.0,0.0,0.0,0.0,0.0
74,0.0,0.0,0.0,0.0,0.0,0.0,0.0,0.0,0.0,0.0,0.0,0.0
