,0,1,2,3,4,5,6,7,8,9,10,11
0,73.71,70.56,74.75999999999999,70.56,65.52,74.13,43.68,34.44,41.79,64.67999999999999,62.58,65.1
1,73.81680084228515,70.58707672119141,74.91724365234374,70.04612548828125,64.98489990234374,73.72556030273437,43.61381744384765,34.2879313659668,41.51514083862305,64.68745330810546,62.579871826171875,65.06648254394531
2,73.84883789062499,70.59335083007812,75.07524993896484,69.71006652832031,64.6396060180664,73.68775543212891,43.313938751220704,34.29964965820312,41.52550689697266,64.9493701171875,62.829368591308594,65.1833578491211
3,73.89370513916015,70.56557556152343,75.07622406005859,69.35900482177735,64.26813262939453,73.67704010009766,43.33387298583984,34.3942707824707,41.745065460205076,64.864775390625,62.73957000732422,65.06532897949218
4,73.89370513916015,70.64293487548828,75.15667236328125,69.13568756103516,64.05742126464844,73.58490234375,43.351769256591794,34.5411099243164,41.977153015136714,64.76342193603516,62.630949096679686,64.88566131591797
5,73.89370513916015,70.86168273925782,75.36580078125,68.8978482055664,63.78932647705078,73.58490234375,43.351769256591794,34.77361724853515,42.213960571289064,64.78977447509766,62.645118713378906,64.88566131591797
6,73.96231018066406,70.86168273925782,75.48388732910156,68.61100799560546,63.60065460205078,73.54443786621094,43.32403244018555,34.77361724853515,42.114728393554685,64.68167907714843,62.52469299316406,64.77950775146485
7,73.96231018066406,70.94059295654297,75.96427642822265,68.50617462158203,63.397441406249996,73.54159881591796,42.62105346679687,34.73691467285156,42.21151565551758,64.2218618774414,62.107141113281244,64.40141418457031
8,74.0160791015625,71.0998681640625,76.11274017333984,68.4248291015625,63.31947326660156,73.53705505371093,42.43023468017578,35.073986206054684,42.46130401611328,64.23899871826171,62.1239126586914,64.41040557861328
9,73.96276519775391,71.20540008544921,76.11274017333984,68.24953857421875,63.11374145507812,73.41099609375,42.58300827026367,35.172019958496094,42.602836761474606,64.13180053710937,61.94914764404297,64.29567077636719
10,74.18864593505859,71.20540008544921,0.0,67.9842315673828,62.83259857177734,73.41099609375,42.807338104248046,35.31993576049805,42.92188385009766,63.89611450195312,61.665934753417964,0.0
11,74.26075653076171,71.20540008544921,0.0,67.91215942382813,62.79114074707031,73.39741607666015,42.87001190185547,35.36539581298828,43.00573837280273,63.89985076904296,0.0,0.0
12,74.26075653076171,71.21343017578124,0.0,67.82594970703124,62.718094482421876,73.37640838623047,42.87724411010742,35.361044311523436,0.0,63.961803588867184,0.0,0.0
13,74.26075653076171,71.21343017578124,0.0,67.71913604736328,62.63991485595703,73.31669219970703,42.788717651367186,0.0,0.0,0.0,0.0,0.0
14,74.44389770507813,71.19685089111327,0.0,67.57752319335937,62.48755462646484,73.29865814208983,42.690667877197264,0.0,0.0,0.0,0.0,0.0
15,74.44389770507813,71.248857421875,0.0,67.37179138183593,62.311161804199216,73.25686065673828,42.971150665283204,0.0,0.0,0.0,0.0,0.0
16,74.44389770507813,71.01654876708984,0.0,67.40049591064452,62.311161804199216,73.29743408203124,42.84829925537109,0.0,0.0,0.0,0.0,0.0
17,74.52161590576172,71.01654876708984,0.0,67.443017578125,62.3055029296875,73.39378875732422,42.46270751953125,0.0,0.0,0.0,0.0,0.0
18,74.4974935913086,71.01654876708984,0.0,67.4259896850586,62.3055029296875,73.42620391845703,42.398155975341794,0.0,0.0,0.0,0.0,0.0
19,74.53799011230468,0.0,0.0,67.24876373291015,62.06160095214844,73.41974395751953,42.48288848876953,0.0,0.0,0.0,0.0,0.0
20,74.53799011230468,0.0,0.0,67.11656524658203,61.85362609863281,73.38560485839844,42.262583312988276,0.0,0.0,0.0,0.0,0.0
21,74.61964965820312,0.0,0.0,67.02116546630859,61.8949365234375,73.38560485839844,41.99889129638672,0.0,0.0,0.0,0.0,0.0
22,74.69466339111328,0.0,0.0,67.10162017822266,61.8959619140625,73.40307495117187,41.69779495239258,0.0,0.0,0.0,0.0,0.0
23,74.69466339111328,0.0,0.0,67.11835968017579,61.892392272949216,73.43816253662109,41.64377609252929,0.0,0.0,0.0,0.0,0.0
24,74.73956909179687,0.0,0.0,67.05406127929687,61.80046600341797,73.59143920898437,41.37811340332031,0.0,0.0,0.0,0.0,0.0
25,0.0,0.0,0.0,67.19972442626953,61.91122741699218,74.05116027832031,41.06979766845703,0.0,0.0,0.0,0.0,0.0
26,0.0,0.0,0.0,67.19288635253906,61.8188589477539,0.0,41.57321319580078,0.0,0.0,0.0,0.0,0.0
27,0.0,0.0,0.0,67.24484802246093,61.890008239746095,0.0,41.414501953125,0.0,0.0,0.0,0.0,0.0
28,0.0,0.0,0.0,67.36972778320312,62.00644134521484,0.0,41.09961410522461,0.0,0.0,0.0,0.0,0.0
29,0.0,0.0,0.0,67.6340542602539,62.25418212890625,0.0,40.847736511230465,0.0,0.0,0.0,0.0,0.0
30,0.0,0.0,0.0,67.67258331298828,62.3098159790039,0.0,40.847736511230465,0.0,0.0,0.0,0.0,0.0
31,0.0,0.0,0.0,67.813388671875,62.3098159790039,0.0,40.512430572509764,0.0,0.0,0.0,0.0,0.0
32,0.0,0.0,0.0,68.10778472900391,62.388809509277344,0.0,40.52517105102539,0.0,0.0,0.0,0.0,0.0
33,0.0,0.0,0.0,68.30667205810546,62.44509063720703,0.0,40.00215774536132,0.0,0.0,0.0,0.0,0.0
34,0.0,0.0,0.0,68.45878234863281,62.52722442626953,0.0,40.17879730224609,0.0,0.0,0.0,0.0,0.0
35,0.0,0.0,0.0,68.70592712402343,62.52722442626953,0.0,40.496969604492186,0.0,0.0,0.0,0.0,0.0
36,0.0,0.0,0.0,68.79414916992187,62.52722442626953,0.0,40.42798324584961,0.0,0.0,0.0,0.0,0.0
37,0.0,0.0,0.0,69.07201721191406,62.52722442626953,0.0,40.39518356323242,0.0,0.0,0.0,0.0,0.0
38,0.0,0.0,0.0,69.40198791503906,0.0,0.0,40.39518356323242,0.0,0.0,0.0,0.0,0.0
39,0.0,0.0,0.0,69.71465515136718,0.0,0.0,40.4680696105957,0.0,0.0,0.0,0.0,0.0
40,0.0,0.0,0.0,0.0,0.0,0.0,40.310521545410154,0.0,0.0,0.0,0.0,0.0
41,0.0,0.0,0.0,0.0,0.0,0.0,40.259117431640625,0.0,0.0,0.0,0.0,0.0
42,0.0,0.0,0.0,0.0,0.0,0.0,40.33604415893554,0.0,0.0,0.0,0.0,0.0
43,0.0,0.0,0.0,0.0,0.0,0.0,40.26504867553711,0.0,0.0,0.0,0.0,0.0
44,0.0,0.0,0.0,0.0,0.0,0.0,40.11750137329101,0.0,0.0,0.0,0.0,0.0
45,0.0,0.0,0.0,0.0,0.0,0.0,40.11750137329101,0.0,0.0,0.0,0.0,0.0
46,0.0,0.0,0.0,0.0,0.0,0.0,39.9279899597168,0.0,0.0,0.0,0.0,0.0
47,0.0,0.0,0.0,0.0,0.0,0.0,39.83850540161133,0.0,0.0,0.0,0.0,0.0
48,0.0,0.0,0.0,0.0,0.0,0.0,39.83850540161133,0.0,0.0,0.0,0.0,0.0
49,0.0,0.0,0.0,0.0,0.0,0.0,39.37463150024414,0.0,0.0,0.0,0.0,0.0
50,0.0,0.0,0.0,0.0,0.0,0.0,39.47329650878906,0.0,0.0,0.0,0.0,0.0
51,0.0,0.0,0.0,0.0,0.0,0.0,39.47329650878906,0.0,0.0,0.0,0.0,0.0
52,0.0,0.0,0.0,0.0,0.0,0.0,39.45879684448242,0.0,0.0,0.0,0.0,0.0
53,0.0,0.0,0.0,0.0,0.0,0.0,0.0,0.0,0.0,0.0,0.0,0.0
54,0.0,0.0,0.0,0.0,0.0,0.0,0.0,0.0,0.0,0.0,0.0,0.0
55,0.0,0.0,0.0,0.0,0.0,0.0,0.0,0.0,0.0,0.0,0.0,0.0
56,0.0,0.0,0.0,0.0,0.0,0.0,0.0,0.0,0.0,0.0,0.0,0.0
57,0.0,0.0,0.0,0.0,0.0,0.0,0.0,0.0,0.0,0.0,0.0,0.0
58,0.0,0.0,0.0,0.0,0.0,0.0,0.0,0.0,0.0,0.0,0.0,0.0
59,0.0,0.0,0.0,0.0,0.0,0.0,0.0,0.0,0.0,0.0,0.0,0.0
60,0.0,0.0,0.0,0.0,0.0,0.0,0.0,0.0,0.0,0.0,0.0,0.0
61,0.0,0.0,0.0,0.0,0.0,0.0,0.0,0.0,0.0,0.0,0.0,0.0
62,0.0,0.0,0.0,0.0,0.0,0.0,0.0,0.0,0.0,0.0,0.0,0.0
63,0.0,0.0,0.0,0.0,0.0,0.0,0.0,0.0,0.0,0.0,0.0,0.0
64,0.0,0.0,0.0,0.0,0.0,0.0,0.0,0.0,0.0,0.0,0.0,0.0
65,0.0,0.0,0.0,0.0,0.0,0.0,0.0,0.0,0.0,0.0,0.0,0.0
66,0.0,0.0,0.0,0.0,0.0,0.0,0.0,0.0,0.0,0.0,0.0,0.0
67,0.0,0.0,0.0,0.0,0.0,0.0,0.0,0.0,0.0,0.0,0.0,0.0
68,0.0,0.0,0.0,0.0,0.0,0.0,0.0,0.0,0.0,0.0,0.0,0.0
69,0.0,0.0,0.0,0.0,0.0,0.0,0.0,0.0,0.0,0.0,0.0,0.0
70,0.0,0.0,0.0,0.0,0.0,0.0,0.0,0.0,0.0,0.0,0.0,0.0
71,0.0,0.0,0.0,0.0,0.0,0.0,0.0,0.0,0.0,0.0,0.0,0.0
72,0.0,0.0,0.0,0.0,0.0,0.0,0.0,0.0,0.0,0.0,0.0,0.0
73,0.0,0.0,0.0,0.0,0.0,0.0,0.0,0.0,0.0,0.0,0.0,0.0
74,0.0,0.0,0.0,0.0,0.0,0.0,0.0,0.0,0.0,0.0,0.0,0.0
