,0,1,2,3,4,5,6,7,8,9,10,11
0,64.89,49.98,54.809999999999995,52.5,52.71,55.86,46.83,39.48,41.58,60.9,61.739999999999995,65.31
1,64.85168243408202,49.32192352294922,54.76228088378906,52.74913787841797,53.051772308349605,56.01230255126953,46.80842834472656,39.03472091674804,41.38574295043945,61.06883056640625,61.934208984375,65.4262857055664
2,64.85168243408202,49.32192352294922,54.740343933105464,52.704575042724606,53.15525985717773,55.94854888916016,46.56993209838867,38.27920028686523,41.194603729248044,61.31907073974609,61.9950146484375,65.61630981445312
3,64.85168243408202,49.33312591552734,54.75754486083984,52.832511749267574,53.458858795166016,55.94854888916016,46.53051544189453,38.00442443847656,41.11839797973633,61.468758544921876,62.026391601562494,65.75078979492187
4,64.90681640625,49.40613372802734,54.75754486083984,52.89412170410156,53.54780822753906,56.01595550537109,46.46798583984375,37.63989486694336,41.01434326171875,61.36329071044921,61.87184600830078,65.66305480957031
5,64.90681640625,49.40613372802734,54.739587707519526,53.05974472045898,53.556613769531246,56.04583923339843,46.54020538330078,37.411505126953124,40.96438751220703,61.591004333496095,61.91331665039062,65.9234976196289
6,64.71216522216797,49.49521453857422,54.63677307128906,53.37051498413086,53.74319961547852,56.25212860107422,46.54020538330078,37.411505126953124,40.96438751220703,61.41608551025391,61.68817291259765,65.75529510498046
7,64.83143096923828,49.47453689575195,54.874586791992186,53.634287109374995,53.95044708251953,56.35852569580078,46.42378829956054,37.411505126953124,40.929937591552736,61.08586486816406,61.360579833984374,65.47224884033203
8,64.82650268554687,49.4981721496582,54.81066650390625,53.66901580810546,54.00243438720703,56.35852569580078,46.42378829956054,37.045591278076174,40.929937591552736,60.982056884765626,61.234706726074215,65.31214050292968
9,64.82650268554687,49.526232604980464,54.757230834960936,53.678859558105465,54.04512908935547,56.25250030517578,46.425643615722656,36.938338623046874,40.76644226074219,60.94539916992187,60.820263061523434,65.31915161132812
10,64.86905639648437,49.503991241455076,0.0,53.7453369140625,54.10142303466797,56.25250030517578,46.18347839355469,36.606288299560546,40.418642578124995,60.94539916992187,60.78420776367187,0.0
11,65.12130249023437,49.503991241455076,0.0,53.730045776367184,54.145566101074216,56.2329345703125,46.097560272216796,36.33567169189453,40.418642578124995,61.02537963867187,0.0,0.0
12,65.12130249023437,49.49949234008789,0.0,53.62183181762695,54.06418853759765,56.154255065917965,45.899659881591795,36.08656265258789,0.0,60.97502655029297,0.0,0.0
13,65.22309173583984,49.49949234008789,0.0,53.509535522460936,54.059747314453126,55.939627990722656,45.0418244934082,0.0,0.0,0.0,0.0,0.0
14,65.2021353149414,48.97108932495117,0.0,53.304358062744136,53.92536346435546,55.87523986816406,44.22374221801758,0.0,0.0,0.0,0.0,0.0
15,65.14910980224609,48.710707397460936,0.0,53.04954849243164,53.87913116455078,55.727795104980466,44.24943145751953,0.0,0.0,0.0,0.0,0.0
16,65.14910980224609,48.733679351806636,0.0,52.85480758666992,53.63417495727539,55.59257171630859,44.10554992675781,0.0,0.0,0.0,0.0,0.0
17,65.11509246826172,48.71269409179688,0.0,52.77200408935547,53.551018981933595,55.505407104492186,43.67493713378906,0.0,0.0,0.0,0.0,0.0
18,65.11509246826172,48.66497817993164,0.0,52.57060775756836,53.479212799072265,55.47124237060547,43.24209732055664,0.0,0.0,0.0,0.0,0.0
19,65.09242492675781,0.0,0.0,52.387447357177734,53.26100646972656,55.4197036743164,42.65003356933594,0.0,0.0,0.0,0.0,0.0
20,65.10917083740235,0.0,0.0,52.35710861206054,53.21552398681641,55.36003875732422,42.22202590942383,0.0,0.0,0.0,0.0,0.0
21,65.10917083740235,0.0,0.0,52.27229278564453,53.14490982055664,55.390447998046874,41.79289352416992,0.0,0.0,0.0,0.0,0.0
22,65.16403564453125,0.0,0.0,52.067262725830076,52.90578552246094,55.38080932617187,41.66805862426758,0.0,0.0,0.0,0.0,0.0
23,65.16245910644531,0.0,0.0,51.9242463684082,52.80001968383789,55.38080932617187,41.46640914916992,0.0,0.0,0.0,0.0,0.0
24,65.15474304199219,0.0,0.0,51.716643218994136,52.62952285766601,55.216285400390625,41.158650970458986,0.0,0.0,0.0,0.0,0.0
25,0.0,0.0,0.0,51.44133544921875,52.346928405761716,55.216285400390625,41.0075244140625,0.0,0.0,0.0,0.0,0.0
26,0.0,0.0,0.0,51.29663360595703,52.16392501831054,0.0,40.558063659667965,0.0,0.0,0.0,0.0,0.0
27,0.0,0.0,0.0,51.03942077636719,51.93053009033203,0.0,40.375025024414064,0.0,0.0,0.0,0.0,0.0
28,0.0,0.0,0.0,50.90291564941406,51.788077697753906,0.0,40.25767547607422,0.0,0.0,0.0,0.0,0.0
29,0.0,0.0,0.0,50.577908477783204,51.36071090698242,0.0,39.96395553588867,0.0,0.0,0.0,0.0,0.0
30,0.0,0.0,0.0,50.3945686340332,51.16113143920898,0.0,39.573070220947265,0.0,0.0,0.0,0.0,0.0
31,0.0,0.0,0.0,49.98431945800781,50.86136810302734,0.0,39.27260833740234,0.0,0.0,0.0,0.0,0.0
32,0.0,0.0,0.0,49.71373809814453,50.49850479125976,0.0,38.756160736083984,0.0,0.0,0.0,0.0,0.0
33,0.0,0.0,0.0,49.67301727294922,50.200426940917964,0.0,38.73344512939453,0.0,0.0,0.0,0.0,0.0
34,0.0,0.0,0.0,49.48205108642578,50.03930603027344,0.0,38.59283203125,0.0,0.0,0.0,0.0,0.0
35,0.0,0.0,0.0,49.20915939331054,49.84830139160156,0.0,37.810237884521484,0.0,0.0,0.0,0.0,0.0
36,0.0,0.0,0.0,48.82698348999023,49.53956909179687,0.0,37.2810530090332,0.0,0.0,0.0,0.0,0.0
37,0.0,0.0,0.0,48.5703923034668,49.15940231323242,0.0,37.16294082641601,0.0,0.0,0.0,0.0,0.0
38,0.0,0.0,0.0,48.31193939208984,0.0,0.0,37.1083772277832,0.0,0.0,0.0,0.0,0.0
39,0.0,0.0,0.0,48.04341201782226,0.0,0.0,36.65745529174804,0.0,0.0,0.0,0.0,0.0
40,0.0,0.0,0.0,0.0,0.0,0.0,36.32346633911133,0.0,0.0,0.0,0.0,0.0
41,0.0,0.0,0.0,0.0,0.0,0.0,36.014756469726564,0.0,0.0,0.0,0.0,0.0
42,0.0,0.0,0.0,0.0,0.0,0.0,35.48985900878906,0.0,0.0,0.0,0.0,0.0
43,0.0,0.0,0.0,0.0,0.0,0.0,35.48985900878906,0.0,0.0,0.0,0.0,0.0
44,0.0,0.0,0.0,0.0,0.0,0.0,35.33300308227539,0.0,0.0,0.0,0.0,0.0
45,0.0,0.0,0.0,0.0,0.0,0.0,35.33300308227539,0.0,0.0,0.0,0.0,0.0
46,0.0,0.0,0.0,0.0,0.0,0.0,35.005079956054686,0.0,0.0,0.0,0.0,0.0
47,0.0,0.0,0.0,0.0,0.0,0.0,35.197491302490235,0.0,0.0,0.0,0.0,0.0
48,0.0,0.0,0.0,0.0,0.0,0.0,35.197491302490235,0.0,0.0,0.0,0.0,0.0
49,0.0,0.0,0.0,0.0,0.0,0.0,35.248914642333986,0.0,0.0,0.0,0.0,0.0
50,0.0,0.0,0.0,0.0,0.0,0.0,35.10284133911133,0.0,0.0,0.0,0.0,0.0
51,0.0,0.0,0.0,0.0,0.0,0.0,34.77488296508789,0.0,0.0,0.0,0.0,0.0
52,0.0,0.0,0.0,0.0,0.0,0.0,34.731323089599606,0.0,0.0,0.0,0.0,0.0
53,0.0,0.0,0.0,0.0,0.0,0.0,0.0,0.0,0.0,0.0,0.0,0.0
54,0.0,0.0,0.0,0.0,0.0,0.0,0.0,0.0,0.0,0.0,0.0,0.0
55,0.0,0.0,0.0,0.0,0.0,0.0,0.0,0.0,0.0,0.0,0.0,0.0
56,0.0,0.0,0.0,0.0,0.0,0.0,0.0,0.0,0.0,0.0,0.0,0.0
57,0.0,0.0,0.0,0.0,0.0,0.0,0.0,0.0,0.0,0.0,0.0,0.0
58,0.0,0.0,0.0,0.0,0.0,0.0,0.0,0.0,0.0,0.0,0.0,0.0
59,0.0,0.0,0.0,0.0,0.0,0.0,0.0,0.0,0.0,0.0,0.0,0.0
60,0.0,0.0,0.0,0.0,0.0,0.0,0.0,0.0,0.0,0.0,0.0,0.0
61,0.0,0.0,0.0,0.0,0.0,0.0,0.0,0.0,0.0,0.0,0.0,0.0
62,0.0,0.0,0.0,0.0,0.0,0.0,0.0,0.0,0.0,0.0,0.0,0.0
63,0.0,0.0,0.0,0.0,0.0,0.0,0.0,0.0,0.0,0.0,0.0,0.0
64,0.0,0.0,0.0,0.0,0.0,0.0,0.0,0.0,0.0,0.0,0.0,0.0
65,0.0,0.0,0.0,0.0,0.0,0.0,0.0,0.0,0.0,0.0,0.0,0.0
66,0.0,0.0,0.0,0.0,0.0,0.0,0.0,0.0,0.0,0.0,0.0,0.0
67,0.0,0.0,0.0,0.0,0.0,0.0,0.0,0.0,0.0,0.0,0.0,0.0
68,0.0,0.0,0.0,0.0,0.0,0.0,0.0,0.0,0.0,0.0,0.0,0.0
69,0.0,0.0,0.0,0.0,0.0,0.0,0.0,0.0,0.0,0.0,0.0,0.0
70,0.0,0.0,0.0,0.0,0.0,0.0,0.0,0.0,0.0,0.0,0.0,0.0
71,0.0,0.0,0.0,0.0,0.0,0.0,0.0,0.0,0.0,0.0,0.0,0.0
72,0.0,0.0,0.0,0.0,0.0,0.0,0.0,0.0,0.0,0.0,0.0,0.0
73,0.0,0.0,0.0,0.0,0.0,0.0,0.0,0.0,0.0,0.0,0.0,0.0
74,0.0,0.0,0.0,0.0,0.0,0.0,0.0,0.0,0.0,0.0,0.0,0.0
