,0,1,2,3,4,5,6,7,8,9,10,11
0,72.66,56.489999999999995,75.81,59.22,74.13,66.78,59.64,61.739999999999995,66.99,62.37,57.75,52.08
1,72.341103515625,56.43588500976562,75.81,59.0654800415039,74.13761352539062,66.64179656982422,59.7014208984375,61.80648376464843,66.99,62.31049530029296,57.592916564941405,51.88356399536133
2,72.26282775878906,56.23526092529297,75.74030548095703,58.992228698730464,74.2153253173828,66.73557495117187,59.770532226562494,61.984715881347654,67.11201507568359,62.27770202636719,57.490582580566404,51.82631515502929
3,72.29958801269531,56.28437072753906,75.72372619628906,58.992228698730464,74.32468963623046,66.81644622802735,59.76330322265625,61.99970581054687,67.15096710205079,62.067907104492186,57.34731628417968,51.73112045288086
4,72.247998046875,56.25985107421875,75.6579409790039,58.992228698730464,74.22795043945312,66.6910986328125,59.76330322265625,61.99970581054687,67.00313781738281,61.912598876953126,57.22772369384766,51.56613830566406
5,72.24149322509766,56.201499938964844,75.59994232177733,59.034968261718745,74.34510772705077,66.6910986328125,59.77449920654297,62.00133361816406,67.00313781738281,61.80613128662109,57.11707763671875,51.53159866333008
6,72.145458984375,56.237984619140626,75.50593322753906,59.034968261718745,74.34152526855469,66.7911831665039,59.75810577392578,61.96840576171875,67.00313781738281,61.60931396484375,57.03392486572265,51.279240417480466
7,72.04762390136719,56.24885375976562,75.42275482177735,59.109860229492185,74.34152526855469,66.7911831665039,59.758644104003906,61.678341979980466,66.9494906616211,61.513324584960934,56.73227416992187,51.032899932861326
8,72.22452941894531,56.32521331787109,75.38391815185547,59.109860229492185,74.31401275634765,66.7911831665039,59.76596282958984,61.57637329101562,66.76090209960937,61.33864288330078,56.66752716064453,50.934145202636714
9,72.21976135253907,56.28417205810547,75.37785552978515,59.05449554443359,74.3005160522461,66.84597106933593,59.72889495849609,61.16425598144531,66.7511929321289,61.12903381347656,56.17143035888672,50.625070037841795
10,71.92772369384765,56.3485986328125,75.03472137451172,59.05449554443359,74.24116516113281,66.87780303955078,59.72123016357422,61.01964385986328,66.62472381591796,61.03458251953125,55.61791809082031,50.08928100585937
11,71.68154022216797,56.34042755126953,75.02425598144531,59.13093841552734,74.24601654052734,67.05356140136719,59.700164794921875,60.77645965576172,66.40746917724609,60.94108612060547,55.24009368896484,0.0
12,71.48595977783202,56.34042755126953,0.0,59.13093841552734,74.17403411865234,67.04544799804687,59.713129577636714,60.639845581054686,66.2857681274414,60.67720184326171,54.81213409423828,0.0
13,71.49243896484374,56.2987710571289,0.0,59.05500183105468,74.0097280883789,67.04544799804687,59.70292053222656,60.732733154296874,66.26859283447266,60.67720184326171,54.495256347656245,0.0
14,71.44867401123047,56.271156005859375,0.0,58.953693237304684,73.79340911865233,0.0,59.71591094970703,60.604161987304686,66.32602111816406,60.570272827148436,54.37712493896484,0.0
15,71.47001495361327,56.146494140624995,0.0,58.891605834960934,73.89964599609375,0.0,59.71615447998047,60.55070709228515,66.3136651611328,60.629918518066404,54.37712493896484,0.0
16,71.35943939208984,56.2963037109375,0.0,58.815143737792965,73.80007415771485,0.0,59.72588928222656,60.68195068359375,66.39594635009766,60.629918518066404,54.02724884033203,0.0
17,71.49715576171874,56.3313720703125,0.0,58.75486358642578,73.89168640136718,0.0,59.698331909179686,0.0,0.0,60.61622955322265,0.0,0.0
18,71.71235961914063,56.387351989746094,0.0,58.637103881835934,74.16756774902343,0.0,59.72877960205078,0.0,0.0,60.61622955322265,0.0,0.0
19,71.7974349975586,56.42531066894531,0.0,58.637103881835934,0.0,0.0,59.711905517578124,0.0,0.0,60.63844848632812,0.0,0.0
20,71.77380615234375,56.37411804199218,0.0,58.494132385253906,0.0,0.0,59.70966888427734,0.0,0.0,60.57122772216797,0.0,0.0
21,71.74551177978515,56.40666778564453,0.0,58.54812561035156,0.0,0.0,59.69832550048828,0.0,0.0,60.57122772216797,0.0,0.0
22,71.76981353759766,56.28387084960937,0.0,0.0,0.0,0.0,59.71229644775391,0.0,0.0,60.64092864990234,0.0,0.0
23,71.7196206665039,56.013372802734374,0.0,0.0,0.0,0.0,59.70495208740234,0.0,0.0,60.64743347167968,0.0,0.0
24,71.78715545654296,0.0,0.0,0.0,0.0,0.0,59.71552001953125,0.0,0.0,60.688314514160155,0.0,0.0
25,71.8890087890625,0.0,0.0,0.0,0.0,0.0,59.70374084472656,0.0,0.0,60.68789794921875,0.0,0.0
26,71.89462921142578,0.0,0.0,0.0,0.0,0.0,0.0,0.0,0.0,60.67916931152344,0.0,0.0
27,71.89492401123047,0.0,0.0,0.0,0.0,0.0,0.0,0.0,0.0,60.637224426269526,0.0,0.0
28,71.90990753173828,0.0,0.0,0.0,0.0,0.0,0.0,0.0,0.0,60.59103057861328,0.0,0.0
29,71.91722625732422,0.0,0.0,0.0,0.0,0.0,0.0,0.0,0.0,60.667665710449214,0.0,0.0
30,71.95551818847656,0.0,0.0,0.0,0.0,0.0,0.0,0.0,0.0,60.664679260253905,0.0,0.0
31,71.82938232421874,0.0,0.0,0.0,0.0,0.0,0.0,0.0,0.0,0.0,0.0,0.0
32,0.0,0.0,0.0,0.0,0.0,0.0,0.0,0.0,0.0,0.0,0.0,0.0
33,0.0,0.0,0.0,0.0,0.0,0.0,0.0,0.0,0.0,0.0,0.0,0.0
34,0.0,0.0,0.0,0.0,0.0,0.0,0.0,0.0,0.0,0.0,0.0,0.0
35,0.0,0.0,0.0,0.0,0.0,0.0,0.0,0.0,0.0,0.0,0.0,0.0
36,0.0,0.0,0.0,0.0,0.0,0.0,0.0,0.0,0.0,0.0,0.0,0.0
37,0.0,0.0,0.0,0.0,0.0,0.0,0.0,0.0,0.0,0.0,0.0,0.0
38,0.0,0.0,0.0,0.0,0.0,0.0,0.0,0.0,0.0,0.0,0.0,0.0
39,0.0,0.0,0.0,0.0,0.0,0.0,0.0,0.0,0.0,0.0,0.0,0.0
40,0.0,0.0,0.0,0.0,0.0,0.0,0.0,0.0,0.0,0.0,0.0,0.0
41,0.0,0.0,0.0,0.0,0.0,0.0,0.0,0.0,0.0,0.0,0.0,0.0
42,0.0,0.0,0.0,0.0,0.0,0.0,0.0,0.0,0.0,0.0,0.0,0.0
43,0.0,0.0,0.0,0.0,0.0,0.0,0.0,0.0,0.0,0.0,0.0,0.0
44,0.0,0.0,0.0,0.0,0.0,0.0,0.0,0.0,0.0,0.0,0.0,0.0
45,0.0,0.0,0.0,0.0,0.0,0.0,0.0,0.0,0.0,0.0,0.0,0.0
46,0.0,0.0,0.0,0.0,0.0,0.0,0.0,0.0,0.0,0.0,0.0,0.0
47,0.0,0.0,0.0,0.0,0.0,0.0,0.0,0.0,0.0,0.0,0.0,0.0
48,0.0,0.0,0.0,0.0,0.0,0.0,0.0,0.0,0.0,0.0,0.0,0.0
49,0.0,0.0,0.0,0.0,0.0,0.0,0.0,0.0,0.0,0.0,0.0,0.0
50,0.0,0.0,0.0,0.0,0.0,0.0,0.0,0.0,0.0,0.0,0.0,0.0
51,0.0,0.0,0.0,0.0,0.0,0.0,0.0,0.0,0.0,0.0,0.0,0.0
52,0.0,0.0,0.0,0.0,0.0,0.0,0.0,0.0,0.0,0.0,0.0,0.0
53,0.0,0.0,0.0,0.0,0.0,0.0,0.0,0.0,0.0,0.0,0.0,0.0
54,0.0,0.0,0.0,0.0,0.0,0.0,0.0,0.0,0.0,0.0,0.0,0.0
55,0.0,0.0,0.0,0.0,0.0,0.0,0.0,0.0,0.0,0.0,0.0,0.0
56,0.0,0.0,0.0,0.0,0.0,0.0,0.0,0.0,0.0,0.0,0.0,0.0
57,0.0,0.0,0.0,0.0,0.0,0.0,0.0,0.0,0.0,0.0,0.0,0.0
58,0.0,0.0,0.0,0.0,0.0,0.0,0.0,0.0,0.0,0.0,0.0,0.0
59,0.0,0.0,0.0,0.0,0.0,0.0,0.0,0.0,0.0,0.0,0.0,0.0
60,0.0,0.0,0.0,0.0,0.0,0.0,0.0,0.0,0.0,0.0,0.0,0.0
61,0.0,0.0,0.0,0.0,0.0,0.0,0.0,0.0,0.0,0.0,0.0,0.0
62,0.0,0.0,0.0,0.0,0.0,0.0,0.0,0.0,0.0,0.0,0.0,0.0
63,0.0,0.0,0.0,0.0,0.0,0.0,0.0,0.0,0.0,0.0,0.0,0.0
64,0.0,0.0,0.0,0.0,0.0,0.0,0.0,0.0,0.0,0.0,0.0,0.0
65,0.0,0.0,0.0,0.0,0.0,0.0,0.0,0.0,0.0,0.0,0.0,0.0
66,0.0,0.0,0.0,0.0,0.0,0.0,0.0,0.0,0.0,0.0,0.0,0.0
67,0.0,0.0,0.0,0.0,0.0,0.0,0.0,0.0,0.0,0.0,0.0,0.0
68,0.0,0.0,0.0,0.0,0.0,0.0,0.0,0.0,0.0,0.0,0.0,0.0
69,0.0,0.0,0.0,0.0,0.0,0.0,0.0,0.0,0.0,0.0,0.0,0.0
70,0.0,0.0,0.0,0.0,0.0,0.0,0.0,0.0,0.0,0.0,0.0,0.0
71,0.0,0.0,0.0,0.0,0.0,0.0,0.0,0.0,0.0,0.0,0.0,0.0
72,0.0,0.0,0.0,0.0,0.0,0.0,0.0,0.0,0.0,0.0,0.0,0.0
73,0.0,0.0,0.0,0.0,0.0,0.0,0.0,0.0,0.0,0.0,0.0,0.0
74,0.0,0.0,0.0,0.0,0.0,0.0,0.0,0.0,0.0,0.0,0.0,0.0
