,0,1,2,3,4,5,6,7,8,9,10,11
0,62.16,70.14,69.92999999999999,56.489999999999995,55.65,59.43,62.79,67.41,66.78,57.33,61.32,57.75
1,62.03232604980469,70.28729736328124,70.06019897460938,56.497966003417964,55.71149780273437,59.42243774414062,62.85514434814453,67.47759887695312,66.86394744873047,57.310370178222655,61.27381256103516,57.762477722167965
2,62.36709686279297,70.1650323486328,69.9046792602539,56.548453674316406,55.81299865722656,59.44927734375,62.94584655761719,67.52523468017579,66.91489013671875,57.30105834960937,61.39011108398437,57.917100219726564
3,62.143311767578126,70.1060595703125,69.83675994873046,56.70285186767578,55.95345794677734,59.55430297851562,62.66765167236328,67.46318572998047,66.85006622314452,57.38874206542969,61.45824829101562,57.97233032226562
4,61.80773345947265,70.19019287109374,69.97541198730468,56.80538452148437,56.03298980712891,59.65770721435547,62.658083496093745,67.5044320678711,66.88872344970703,57.35315460205078,61.478736877441406,58.00077209472656
5,61.8538247680664,70.07031829833984,69.88942657470703,56.813440246582026,56.038693542480466,59.61032135009766,62.677642822265625,67.47268981933594,66.86126220703125,57.32131622314453,61.419565429687495,57.9211441040039
6,61.68757049560546,69.76123992919922,69.49434997558593,56.9080517578125,56.076177978515624,59.52632263183594,62.771844177246095,67.61288635253906,66.97968200683593,57.358800659179686,61.45644104003906,57.98863403320312
7,61.68757049560546,70.51009552001953,70.14059600830078,56.784287109375,55.91743469238281,59.444739990234375,62.97118011474609,67.79087493896485,67.14754486083984,57.434891052246094,61.59466369628906,58.08980804443359
8,61.94632141113281,69.52063842773437,68.91940704345703,56.660996704101564,55.82525207519531,59.31880279541016,63.07103393554687,67.93093048095703,67.26277954101562,57.41073669433594,61.64046020507812,58.14629425048828
9,61.781143798828126,69.40942840576172,68.80274963378906,56.74438659667968,55.927528381347656,59.43098052978515,62.903683776855466,67.71370147705078,67.0337777709961,57.52234405517578,61.732751770019526,58.24266815185547
10,61.78380981445312,69.33888793945312,68.72725524902343,56.73070404052734,55.903213806152344,59.42441802978515,62.92011566162109,67.69387939453125,67.03455322265624,57.53564849853515,61.811681213378904,0.0
11,61.87465942382812,69.22685760498047,68.60418273925781,56.851450195312495,55.98894287109375,59.400071411132814,62.83617462158203,67.79284240722656,67.13240753173828,57.67280731201171,61.83131103515625,0.0
12,61.880632324218745,69.01978637695312,68.41492126464844,56.9209780883789,56.07836975097656,59.48086578369141,62.92798553466797,67.9035140991211,0.0,57.65407470703125,61.77861877441406,0.0
13,61.98830474853516,68.79410430908203,0.0,57.01965911865234,56.197616271972656,59.6104751586914,62.994700012207026,67.97041442871094,0.0,57.685214538574215,61.766269226074215,0.0
14,61.81168762207031,68.76307342529297,0.0,57.025766601562495,56.22641052246094,59.630329284667965,63.04631561279297,68.03739166259766,0.0,57.57654876708984,61.60994842529297,0.0
15,61.783085632324216,68.56803771972656,0.0,57.13057434082031,56.30416076660156,59.74938354492187,63.04251525878906,68.03928863525391,0.0,57.61186065673828,61.69873443603515,0.0
16,61.7344692993164,68.35391052246094,0.0,57.18876525878906,56.365934143066404,59.80779235839844,63.10617919921875,68.08017608642578,0.0,57.6266519165039,0.0,0.0
17,61.73781463623047,0.0,0.0,57.36090270996093,56.46256439208984,59.905377502441404,63.059754638671876,68.09017364501953,0.0,0.0,0.0,0.0
18,61.85436950683594,0.0,0.0,57.401162109375,56.48300811767578,59.970483398437494,62.89752502441406,0.0,0.0,0.0,0.0,0.0
19,61.96615631103516,0.0,0.0,57.41026885986328,56.50305450439453,59.96701629638672,62.93367645263672,0.0,0.0,0.0,0.0,0.0
20,61.96705352783203,0.0,0.0,57.45639862060547,56.50305450439453,59.99922637939453,0.0,0.0,0.0,0.0,0.0,0.0
21,62.039196166992184,0.0,0.0,57.49022369384765,56.56537902832031,60.016837463378906,0.0,0.0,0.0,0.0,0.0,0.0
22,62.19816375732422,0.0,0.0,57.52534973144531,56.617250976562495,0.0,0.0,0.0,0.0,0.0,0.0,0.0
23,62.30379821777343,0.0,0.0,57.52534973144531,56.65333831787109,0.0,0.0,0.0,0.0,0.0,0.0,0.0
24,0.0,0.0,0.0,57.65729827880859,56.85431488037109,0.0,0.0,0.0,0.0,0.0,0.0,0.0
25,0.0,0.0,0.0,57.64167388916015,56.85431488037109,0.0,0.0,0.0,0.0,0.0,0.0,0.0
26,0.0,0.0,0.0,57.70790771484375,56.884845886230465,0.0,0.0,0.0,0.0,0.0,0.0,0.0
27,0.0,0.0,0.0,57.627811889648434,56.83260223388672,0.0,0.0,0.0,0.0,0.0,0.0,0.0
28,0.0,0.0,0.0,57.851564941406245,56.99724792480468,0.0,0.0,0.0,0.0,0.0,0.0,0.0
29,0.0,0.0,0.0,0.0,0.0,0.0,0.0,0.0,0.0,0.0,0.0,0.0
30,0.0,0.0,0.0,0.0,0.0,0.0,0.0,0.0,0.0,0.0,0.0,0.0
31,0.0,0.0,0.0,0.0,0.0,0.0,0.0,0.0,0.0,0.0,0.0,0.0
32,0.0,0.0,0.0,0.0,0.0,0.0,0.0,0.0,0.0,0.0,0.0,0.0
33,0.0,0.0,0.0,0.0,0.0,0.0,0.0,0.0,0.0,0.0,0.0,0.0
34,0.0,0.0,0.0,0.0,0.0,0.0,0.0,0.0,0.0,0.0,0.0,0.0
35,0.0,0.0,0.0,0.0,0.0,0.0,0.0,0.0,0.0,0.0,0.0,0.0
36,0.0,0.0,0.0,0.0,0.0,0.0,0.0,0.0,0.0,0.0,0.0,0.0
37,0.0,0.0,0.0,0.0,0.0,0.0,0.0,0.0,0.0,0.0,0.0,0.0
38,0.0,0.0,0.0,0.0,0.0,0.0,0.0,0.0,0.0,0.0,0.0,0.0
39,0.0,0.0,0.0,0.0,0.0,0.0,0.0,0.0,0.0,0.0,0.0,0.0
40,0.0,0.0,0.0,0.0,0.0,0.0,0.0,0.0,0.0,0.0,0.0,0.0
41,0.0,0.0,0.0,0.0,0.0,0.0,0.0,0.0,0.0,0.0,0.0,0.0
42,0.0,0.0,0.0,0.0,0.0,0.0,0.0,0.0,0.0,0.0,0.0,0.0
43,0.0,0.0,0.0,0.0,0.0,0.0,0.0,0.0,0.0,0.0,0.0,0.0
44,0.0,0.0,0.0,0.0,0.0,0.0,0.0,0.0,0.0,0.0,0.0,0.0
45,0.0,0.0,0.0,0.0,0.0,0.0,0.0,0.0,0.0,0.0,0.0,0.0
46,0.0,0.0,0.0,0.0,0.0,0.0,0.0,0.0,0.0,0.0,0.0,0.0
47,0.0,0.0,0.0,0.0,0.0,0.0,0.0,0.0,0.0,0.0,0.0,0.0
48,0.0,0.0,0.0,0.0,0.0,0.0,0.0,0.0,0.0,0.0,0.0,0.0
49,0.0,0.0,0.0,0.0,0.0,0.0,0.0,0.0,0.0,0.0,0.0,0.0
50,0.0,0.0,0.0,0.0,0.0,0.0,0.0,0.0,0.0,0.0,0.0,0.0
51,0.0,0.0,0.0,0.0,0.0,0.0,0.0,0.0,0.0,0.0,0.0,0.0
52,0.0,0.0,0.0,0.0,0.0,0.0,0.0,0.0,0.0,0.0,0.0,0.0
53,0.0,0.0,0.0,0.0,0.0,0.0,0.0,0.0,0.0,0.0,0.0,0.0
54,0.0,0.0,0.0,0.0,0.0,0.0,0.0,0.0,0.0,0.0,0.0,0.0
55,0.0,0.0,0.0,0.0,0.0,0.0,0.0,0.0,0.0,0.0,0.0,0.0
56,0.0,0.0,0.0,0.0,0.0,0.0,0.0,0.0,0.0,0.0,0.0,0.0
57,0.0,0.0,0.0,0.0,0.0,0.0,0.0,0.0,0.0,0.0,0.0,0.0
58,0.0,0.0,0.0,0.0,0.0,0.0,0.0,0.0,0.0,0.0,0.0,0.0
59,0.0,0.0,0.0,0.0,0.0,0.0,0.0,0.0,0.0,0.0,0.0,0.0
60,0.0,0.0,0.0,0.0,0.0,0.0,0.0,0.0,0.0,0.0,0.0,0.0
61,0.0,0.0,0.0,0.0,0.0,0.0,0.0,0.0,0.0,0.0,0.0,0.0
62,0.0,0.0,0.0,0.0,0.0,0.0,0.0,0.0,0.0,0.0,0.0,0.0
63,0.0,0.0,0.0,0.0,0.0,0.0,0.0,0.0,0.0,0.0,0.0,0.0
64,0.0,0.0,0.0,0.0,0.0,0.0,0.0,0.0,0.0,0.0,0.0,0.0
65,0.0,0.0,0.0,0.0,0.0,0.0,0.0,0.0,0.0,0.0,0.0,0.0
66,0.0,0.0,0.0,0.0,0.0,0.0,0.0,0.0,0.0,0.0,0.0,0.0
67,0.0,0.0,0.0,0.0,0.0,0.0,0.0,0.0,0.0,0.0,0.0,0.0
68,0.0,0.0,0.0,0.0,0.0,0.0,0.0,0.0,0.0,0.0,0.0,0.0
69,0.0,0.0,0.0,0.0,0.0,0.0,0.0,0.0,0.0,0.0,0.0,0.0
70,0.0,0.0,0.0,0.0,0.0,0.0,0.0,0.0,0.0,0.0,0.0,0.0
71,0.0,0.0,0.0,0.0,0.0,0.0,0.0,0.0,0.0,0.0,0.0,0.0
72,0.0,0.0,0.0,0.0,0.0,0.0,0.0,0.0,0.0,0.0,0.0,0.0
73,0.0,0.0,0.0,0.0,0.0,0.0,0.0,0.0,0.0,0.0,0.0,0.0
74,0.0,0.0,0.0,0.0,0.0,0.0,0.0,0.0,0.0,0.0,0.0,0.0
