,0,1,2,3,4,5,6,7,8,9,10,11
0,71.82,58.169999999999995,74.75999999999999,44.519999999999996,50.19,43.05,79.8,82.32,76.44,63.839999999999996,50.4,50.82
1,71.6783038330078,58.18636779785156,74.64305419921875,44.66018692016601,50.21658645629883,43.12920181274414,79.59128814697266,82.37376892089843,76.42215179443359,63.807572021484376,50.4,50.82
2,71.6813607788086,58.234657287597656,74.73266052246093,44.74831924438477,50.20904342651367,43.23213821411132,79.59128814697266,82.37376892089843,76.33030883789063,63.9346435546875,50.45710144042969,51.049270935058594
3,71.76601959228515,58.234657287597656,74.86558319091796,44.85640182495117,50.22784652709961,43.347856750488276,79.24562896728516,82.37376892089843,76.30303985595702,64.18663330078125,50.367139434814455,51.049270935058594
4,71.81714813232422,58.26916809082031,74.9490884399414,44.9003205871582,50.29173797607422,43.407726745605466,78.77808288574218,82.3522036743164,76.26411987304687,64.3003939819336,50.367139434814455,51.09948623657226
5,72.09510589599608,58.26916809082031,74.97603698730468,45.03687057495117,50.4926953125,43.52775192260742,78.51462799072266,82.3522036743164,76.21372192382812,64.4750180053711,50.342799224853515,51.15924087524414
6,72.06920196533203,58.26916809082031,75.36530731201172,45.577901916503905,50.92844787597656,44.06109283447265,78.34695098876954,82.31223907470702,76.15155120849609,64.37472839355469,50.35537948608398,51.15924087524414
7,72.12311828613281,58.336420898437495,75.42248565673827,45.781961059570314,51.12786712646484,44.348769378662105,77.76752197265624,82.3338491821289,75.80125213623046,64.34289001464843,50.18686294555664,51.159250488281245
8,72.13184051513672,58.34768737792969,75.54356506347656,46.3288980102539,51.624069671630856,44.86177871704101,77.56096984863281,82.2679165649414,75.70751861572265,64.6034161376953,50.20581024169922,51.40387664794922
9,72.09905364990234,58.495465393066404,75.49657012939453,46.953649291992186,52.04498291015625,45.51635284423828,77.42841888427733,82.22383758544922,75.43826385498046,64.50430572509765,50.20581024169922,51.32671279907226
10,72.14727905273438,58.495465393066404,75.49657012939453,47.28647827148437,52.38441284179687,0.0,77.3861279296875,82.22383758544922,75.3392559814453,64.15138549804688,49.89165298461914,50.8858364868164
11,72.29358947753906,58.521407775878906,75.70073822021484,47.79128128051757,0.0,0.0,77.30208435058593,82.18523162841797,75.25068786621094,64.436982421875,49.94115371704101,50.95382308959961
12,72.3161865234375,58.521407775878906,75.81959381103515,48.48403518676758,0.0,0.0,77.17802490234375,82.17636840820312,0.0,64.63574157714844,50.25340118408203,51.19536987304687
13,72.32742095947265,58.48595489501953,75.72414276123047,0.0,0.0,0.0,0.0,0.0,0.0,64.78421813964843,50.219627380371094,51.30927795410156
14,72.263583984375,58.48619842529297,0.0,0.0,0.0,0.0,0.0,0.0,0.0,64.69980285644532,50.169059600830074,0.0
15,72.07700775146485,58.363228454589844,0.0,0.0,0.0,0.0,0.0,0.0,0.0,64.6545767211914,50.169059600830074,0.0
16,72.05619232177735,58.45541107177734,0.0,0.0,0.0,0.0,0.0,0.0,0.0,64.76519714355469,50.44605285644531,0.0
17,72.10129028320313,58.59706237792969,0.0,0.0,0.0,0.0,0.0,0.0,0.0,64.44558288574218,0.0,0.0
18,71.95365966796875,58.58630859375,0.0,0.0,0.0,0.0,0.0,0.0,0.0,64.51251525878907,0.0,0.0
19,72.34032165527343,58.561276245117185,0.0,0.0,0.0,0.0,0.0,0.0,0.0,64.40584259033203,0.0,0.0
20,72.34032165527343,0.0,0.0,0.0,0.0,0.0,0.0,0.0,0.0,64.50719604492187,0.0,0.0
21,72.13812744140624,0.0,0.0,0.0,0.0,0.0,0.0,0.0,0.0,0.0,0.0,0.0
22,0.0,0.0,0.0,0.0,0.0,0.0,0.0,0.0,0.0,0.0,0.0,0.0
23,0.0,0.0,0.0,0.0,0.0,0.0,0.0,0.0,0.0,0.0,0.0,0.0
24,0.0,0.0,0.0,0.0,0.0,0.0,0.0,0.0,0.0,0.0,0.0,0.0
25,0.0,0.0,0.0,0.0,0.0,0.0,0.0,0.0,0.0,0.0,0.0,0.0
26,0.0,0.0,0.0,0.0,0.0,0.0,0.0,0.0,0.0,0.0,0.0,0.0
27,0.0,0.0,0.0,0.0,0.0,0.0,0.0,0.0,0.0,0.0,0.0,0.0
28,0.0,0.0,0.0,0.0,0.0,0.0,0.0,0.0,0.0,0.0,0.0,0.0
29,0.0,0.0,0.0,0.0,0.0,0.0,0.0,0.0,0.0,0.0,0.0,0.0
30,0.0,0.0,0.0,0.0,0.0,0.0,0.0,0.0,0.0,0.0,0.0,0.0
31,0.0,0.0,0.0,0.0,0.0,0.0,0.0,0.0,0.0,0.0,0.0,0.0
32,0.0,0.0,0.0,0.0,0.0,0.0,0.0,0.0,0.0,0.0,0.0,0.0
33,0.0,0.0,0.0,0.0,0.0,0.0,0.0,0.0,0.0,0.0,0.0,0.0
34,0.0,0.0,0.0,0.0,0.0,0.0,0.0,0.0,0.0,0.0,0.0,0.0
35,0.0,0.0,0.0,0.0,0.0,0.0,0.0,0.0,0.0,0.0,0.0,0.0
36,0.0,0.0,0.0,0.0,0.0,0.0,0.0,0.0,0.0,0.0,0.0,0.0
37,0.0,0.0,0.0,0.0,0.0,0.0,0.0,0.0,0.0,0.0,0.0,0.0
38,0.0,0.0,0.0,0.0,0.0,0.0,0.0,0.0,0.0,0.0,0.0,0.0
39,0.0,0.0,0.0,0.0,0.0,0.0,0.0,0.0,0.0,0.0,0.0,0.0
40,0.0,0.0,0.0,0.0,0.0,0.0,0.0,0.0,0.0,0.0,0.0,0.0
41,0.0,0.0,0.0,0.0,0.0,0.0,0.0,0.0,0.0,0.0,0.0,0.0
42,0.0,0.0,0.0,0.0,0.0,0.0,0.0,0.0,0.0,0.0,0.0,0.0
43,0.0,0.0,0.0,0.0,0.0,0.0,0.0,0.0,0.0,0.0,0.0,0.0
44,0.0,0.0,0.0,0.0,0.0,0.0,0.0,0.0,0.0,0.0,0.0,0.0
45,0.0,0.0,0.0,0.0,0.0,0.0,0.0,0.0,0.0,0.0,0.0,0.0
46,0.0,0.0,0.0,0.0,0.0,0.0,0.0,0.0,0.0,0.0,0.0,0.0
47,0.0,0.0,0.0,0.0,0.0,0.0,0.0,0.0,0.0,0.0,0.0,0.0
48,0.0,0.0,0.0,0.0,0.0,0.0,0.0,0.0,0.0,0.0,0.0,0.0
49,0.0,0.0,0.0,0.0,0.0,0.0,0.0,0.0,0.0,0.0,0.0,0.0
50,0.0,0.0,0.0,0.0,0.0,0.0,0.0,0.0,0.0,0.0,0.0,0.0
51,0.0,0.0,0.0,0.0,0.0,0.0,0.0,0.0,0.0,0.0,0.0,0.0
52,0.0,0.0,0.0,0.0,0.0,0.0,0.0,0.0,0.0,0.0,0.0,0.0
53,0.0,0.0,0.0,0.0,0.0,0.0,0.0,0.0,0.0,0.0,0.0,0.0
54,0.0,0.0,0.0,0.0,0.0,0.0,0.0,0.0,0.0,0.0,0.0,0.0
55,0.0,0.0,0.0,0.0,0.0,0.0,0.0,0.0,0.0,0.0,0.0,0.0
56,0.0,0.0,0.0,0.0,0.0,0.0,0.0,0.0,0.0,0.0,0.0,0.0
57,0.0,0.0,0.0,0.0,0.0,0.0,0.0,0.0,0.0,0.0,0.0,0.0
58,0.0,0.0,0.0,0.0,0.0,0.0,0.0,0.0,0.0,0.0,0.0,0.0
59,0.0,0.0,0.0,0.0,0.0,0.0,0.0,0.0,0.0,0.0,0.0,0.0
60,0.0,0.0,0.0,0.0,0.0,0.0,0.0,0.0,0.0,0.0,0.0,0.0
61,0.0,0.0,0.0,0.0,0.0,0.0,0.0,0.0,0.0,0.0,0.0,0.0
62,0.0,0.0,0.0,0.0,0.0,0.0,0.0,0.0,0.0,0.0,0.0,0.0
63,0.0,0.0,0.0,0.0,0.0,0.0,0.0,0.0,0.0,0.0,0.0,0.0
64,0.0,0.0,0.0,0.0,0.0,0.0,0.0,0.0,0.0,0.0,0.0,0.0
65,0.0,0.0,0.0,0.0,0.0,0.0,0.0,0.0,0.0,0.0,0.0,0.0
66,0.0,0.0,0.0,0.0,0.0,0.0,0.0,0.0,0.0,0.0,0.0,0.0
67,0.0,0.0,0.0,0.0,0.0,0.0,0.0,0.0,0.0,0.0,0.0,0.0
68,0.0,0.0,0.0,0.0,0.0,0.0,0.0,0.0,0.0,0.0,0.0,0.0
69,0.0,0.0,0.0,0.0,0.0,0.0,0.0,0.0,0.0,0.0,0.0,0.0
70,0.0,0.0,0.0,0.0,0.0,0.0,0.0,0.0,0.0,0.0,0.0,0.0
71,0.0,0.0,0.0,0.0,0.0,0.0,0.0,0.0,0.0,0.0,0.0,0.0
72,0.0,0.0,0.0,0.0,0.0,0.0,0.0,0.0,0.0,0.0,0.0,0.0
73,0.0,0.0,0.0,0.0,0.0,0.0,0.0,0.0,0.0,0.0,0.0,0.0
74,0.0,0.0,0.0,0.0,0.0,0.0,0.0,0.0,0.0,0.0,0.0,0.0
