,0,1,2,3,4,5,6,7,8,9,10,11
0,87.36,83.16,85.47,57.33,70.77,59.43,55.65,65.1,65.1,70.77,66.57,68.88
1,87.26408752441407,83.05456420898437,85.36773010253906,57.33,70.81580291748047,59.42425140380859,55.719925231933594,65.19190063476562,65.18012786865233,70.71286651611328,66.49148712158203,68.79681518554688
2,87.42527252197266,83.17977722167969,85.46971160888671,57.42019592285156,70.81580291748047,59.53301330566406,55.84078674316406,65.17614166259766,65.17031616210937,70.67070373535157,66.34666351318359,68.68956573486328
3,87.46342346191406,83.1813345336914,85.46971160888671,57.41860656738281,70.65514984130859,59.33640106201172,55.86014099121093,65.1577230834961,65.15061584472656,70.50687194824218,66.14977569580078,68.48926208496094
4,87.45566253662109,83.15146362304687,85.44127624511718,57.32023315429687,70.65514984130859,59.24721771240234,55.905392761230466,65.31626770019531,65.32632293701171,70.35476806640625,65.98976989746093,68.38558227539062
5,87.63617614746093,83.29479400634766,85.58393371582031,57.2745263671875,70.72912536621094,59.13485412597656,55.92770782470703,65.3287582397461,65.38589172363281,70.33658660888672,65.8499835205078,68.3569418334961
6,87.49144226074219,83.13238494873046,85.40954040527343,57.267713928222655,70.70675262451172,59.12037048339843,55.79761779785156,65.3915249633789,65.4575537109375,70.30351776123047,65.71336303710937,68.22687103271484
7,87.74386779785156,83.37269805908203,85.73358947753906,57.25822265625,70.74374359130859,59.136642150878906,55.76832366943359,65.33908905029297,65.37484954833984,70.19697967529297,65.56069519042968,68.05663696289062
8,88.5991845703125,84.44462219238281,86.59272583007812,57.15825988769531,70.74374359130859,59.12012054443359,55.62432678222656,65.1922915649414,65.25107208251953,70.20851531982422,65.55477996826171,68.05366333007812
9,89.54148010253905,85.57414764404297,87.5128985595703,57.111258544921874,70.95973571777344,59.09224914550781,55.612066955566405,65.1461553955078,65.16014556884765,70.25160736083984,65.52179443359375,68.02972045898437
10,90.21093841552734,86.60053802490233,88.22527587890625,57.21057403564453,70.95973571777344,59.211617431640626,55.407777099609376,65.13124237060546,65.13365203857421,70.14107025146484,65.35990447998047,67.8761489868164
11,90.37715423583984,86.83251983642577,88.49806182861327,57.20529327392578,70.95973571777344,0.0,55.40530334472656,65.0672900390625,65.06112487792969,70.1588735961914,0.0,0.0
12,90.47793731689453,86.94478729248047,88.65133850097656,57.19193115234375,0.0,0.0,55.210344543457026,64.96509704589843,64.93620666503907,0.0,0.0,0.0
13,90.57963684082031,87.15599212646484,88.74823791503906,0.0,0.0,0.0,55.18043518066406,64.82581695556641,0.0,0.0,0.0,0.0
14,90.65781646728516,87.2454766845703,88.81104949951171,0.0,0.0,0.0,55.05366485595703,64.56460510253906,0.0,0.0,0.0,0.0
15,90.62117156982421,87.19036834716796,88.79156066894531,0.0,0.0,0.0,0.0,0.0,0.0,0.0,0.0,0.0
16,90.65625274658203,87.32848205566405,88.83937591552734,0.0,0.0,0.0,0.0,0.0,0.0,0.0,0.0,0.0
17,90.62653564453124,87.23567138671875,88.80694152832031,0.0,0.0,0.0,0.0,0.0,0.0,0.0,0.0,0.0
18,90.3511669921875,87.15512695312499,88.5370458984375,0.0,0.0,0.0,0.0,0.0,0.0,0.0,0.0,0.0
19,90.69499969482422,87.15512695312499,0.0,0.0,0.0,0.0,0.0,0.0,0.0,0.0,0.0,0.0
20,91.28244598388672,87.723603515625,0.0,0.0,0.0,0.0,0.0,0.0,0.0,0.0,0.0,0.0
21,91.61613372802734,88.07827331542968,0.0,0.0,0.0,0.0,0.0,0.0,0.0,0.0,0.0,0.0
22,91.66726226806641,0.0,0.0,0.0,0.0,0.0,0.0,0.0,0.0,0.0,0.0,0.0
23,92.1634487915039,0.0,0.0,0.0,0.0,0.0,0.0,0.0,0.0,0.0,0.0,0.0
24,0.0,0.0,0.0,0.0,0.0,0.0,0.0,0.0,0.0,0.0,0.0,0.0
25,0.0,0.0,0.0,0.0,0.0,0.0,0.0,0.0,0.0,0.0,0.0,0.0
26,0.0,0.0,0.0,0.0,0.0,0.0,0.0,0.0,0.0,0.0,0.0,0.0
27,0.0,0.0,0.0,0.0,0.0,0.0,0.0,0.0,0.0,0.0,0.0,0.0
28,0.0,0.0,0.0,0.0,0.0,0.0,0.0,0.0,0.0,0.0,0.0,0.0
29,0.0,0.0,0.0,0.0,0.0,0.0,0.0,0.0,0.0,0.0,0.0,0.0
30,0.0,0.0,0.0,0.0,0.0,0.0,0.0,0.0,0.0,0.0,0.0,0.0
31,0.0,0.0,0.0,0.0,0.0,0.0,0.0,0.0,0.0,0.0,0.0,0.0
32,0.0,0.0,0.0,0.0,0.0,0.0,0.0,0.0,0.0,0.0,0.0,0.0
33,0.0,0.0,0.0,0.0,0.0,0.0,0.0,0.0,0.0,0.0,0.0,0.0
34,0.0,0.0,0.0,0.0,0.0,0.0,0.0,0.0,0.0,0.0,0.0,0.0
35,0.0,0.0,0.0,0.0,0.0,0.0,0.0,0.0,0.0,0.0,0.0,0.0
36,0.0,0.0,0.0,0.0,0.0,0.0,0.0,0.0,0.0,0.0,0.0,0.0
37,0.0,0.0,0.0,0.0,0.0,0.0,0.0,0.0,0.0,0.0,0.0,0.0
38,0.0,0.0,0.0,0.0,0.0,0.0,0.0,0.0,0.0,0.0,0.0,0.0
39,0.0,0.0,0.0,0.0,0.0,0.0,0.0,0.0,0.0,0.0,0.0,0.0
40,0.0,0.0,0.0,0.0,0.0,0.0,0.0,0.0,0.0,0.0,0.0,0.0
41,0.0,0.0,0.0,0.0,0.0,0.0,0.0,0.0,0.0,0.0,0.0,0.0
42,0.0,0.0,0.0,0.0,0.0,0.0,0.0,0.0,0.0,0.0,0.0,0.0
43,0.0,0.0,0.0,0.0,0.0,0.0,0.0,0.0,0.0,0.0,0.0,0.0
44,0.0,0.0,0.0,0.0,0.0,0.0,0.0,0.0,0.0,0.0,0.0,0.0
45,0.0,0.0,0.0,0.0,0.0,0.0,0.0,0.0,0.0,0.0,0.0,0.0
46,0.0,0.0,0.0,0.0,0.0,0.0,0.0,0.0,0.0,0.0,0.0,0.0
47,0.0,0.0,0.0,0.0,0.0,0.0,0.0,0.0,0.0,0.0,0.0,0.0
48,0.0,0.0,0.0,0.0,0.0,0.0,0.0,0.0,0.0,0.0,0.0,0.0
49,0.0,0.0,0.0,0.0,0.0,0.0,0.0,0.0,0.0,0.0,0.0,0.0
50,0.0,0.0,0.0,0.0,0.0,0.0,0.0,0.0,0.0,0.0,0.0,0.0
51,0.0,0.0,0.0,0.0,0.0,0.0,0.0,0.0,0.0,0.0,0.0,0.0
52,0.0,0.0,0.0,0.0,0.0,0.0,0.0,0.0,0.0,0.0,0.0,0.0
53,0.0,0.0,0.0,0.0,0.0,0.0,0.0,0.0,0.0,0.0,0.0,0.0
54,0.0,0.0,0.0,0.0,0.0,0.0,0.0,0.0,0.0,0.0,0.0,0.0
55,0.0,0.0,0.0,0.0,0.0,0.0,0.0,0.0,0.0,0.0,0.0,0.0
56,0.0,0.0,0.0,0.0,0.0,0.0,0.0,0.0,0.0,0.0,0.0,0.0
57,0.0,0.0,0.0,0.0,0.0,0.0,0.0,0.0,0.0,0.0,0.0,0.0
58,0.0,0.0,0.0,0.0,0.0,0.0,0.0,0.0,0.0,0.0,0.0,0.0
59,0.0,0.0,0.0,0.0,0.0,0.0,0.0,0.0,0.0,0.0,0.0,0.0
60,0.0,0.0,0.0,0.0,0.0,0.0,0.0,0.0,0.0,0.0,0.0,0.0
61,0.0,0.0,0.0,0.0,0.0,0.0,0.0,0.0,0.0,0.0,0.0,0.0
62,0.0,0.0,0.0,0.0,0.0,0.0,0.0,0.0,0.0,0.0,0.0,0.0
63,0.0,0.0,0.0,0.0,0.0,0.0,0.0,0.0,0.0,0.0,0.0,0.0
64,0.0,0.0,0.0,0.0,0.0,0.0,0.0,0.0,0.0,0.0,0.0,0.0
65,0.0,0.0,0.0,0.0,0.0,0.0,0.0,0.0,0.0,0.0,0.0,0.0
66,0.0,0.0,0.0,0.0,0.0,0.0,0.0,0.0,0.0,0.0,0.0,0.0
67,0.0,0.0,0.0,0.0,0.0,0.0,0.0,0.0,0.0,0.0,0.0,0.0
68,0.0,0.0,0.0,0.0,0.0,0.0,0.0,0.0,0.0,0.0,0.0,0.0
69,0.0,0.0,0.0,0.0,0.0,0.0,0.0,0.0,0.0,0.0,0.0,0.0
70,0.0,0.0,0.0,0.0,0.0,0.0,0.0,0.0,0.0,0.0,0.0,0.0
71,0.0,0.0,0.0,0.0,0.0,0.0,0.0,0.0,0.0,0.0,0.0,0.0
72,0.0,0.0,0.0,0.0,0.0,0.0,0.0,0.0,0.0,0.0,0.0,0.0
73,0.0,0.0,0.0,0.0,0.0,0.0,0.0,0.0,0.0,0.0,0.0,0.0
74,0.0,0.0,0.0,0.0,0.0,0.0,0.0,0.0,0.0,0.0,0.0,0.0
