,0,1,2,3,4,5,6,7,8,9,10,11
0,63.629999999999995,71.19,48.089999999999996,57.54,60.48,50.82,55.65,60.69,64.05,63.629999999999995,63.0,55.86
1,64.53897674560547,72.3109634399414,48.089999999999996,57.424790954589845,60.366886596679684,50.56656829833984,55.60103759765625,60.69112152099609,64.05,63.578371582031245,62.938925170898436,55.77461700439453
2,65.41749938964844,72.9195327758789,49.4120393371582,57.41091613769531,60.37865295410156,50.51923370361328,55.59143096923828,60.696748352050776,64.09741149902344,63.51666229248047,62.821844787597655,55.547140502929686
3,66.60963775634765,73.25993682861328,49.4120393371582,57.45931457519531,60.45742858886719,50.4926985168457,55.696591186523435,60.96524688720703,64.36786468505859,63.336924133300776,62.6479898071289,55.392409057617186
4,67.35684631347657,73.56095947265625,49.21109161376953,57.456930541992186,60.48452453613281,50.43048614501953,55.715323791503906,61.03324310302734,64.42461364746093,63.504101257324216,62.814897766113276,55.47825988769531
5,68.03814788818359,73.80367584228516,49.18125915527344,57.32729553222656,60.33534942626953,50.380812377929686,55.667566223144526,60.97934600830078,64.37688171386719,63.504101257324216,62.79713928222656,55.43123931884765
6,68.2565625,74.37058868408202,49.130646514892575,57.31877197265625,60.34853851318359,50.31936584472656,55.65315948486328,61.04421478271484,64.42381256103515,63.11982971191406,62.390700073242186,55.117328796386715
7,68.31154907226562,74.58799713134765,49.054818878173826,57.213175964355464,60.23115692138671,50.29896057128906,55.69711029052734,61.117337951660154,64.4668276977539,63.17334869384766,62.41785369873047,55.05063995361328
8,68.18302917480469,74.6888442993164,49.054818878173826,57.1274853515625,60.12082489013672,50.216567230224605,55.702256469726564,61.13419281005859,64.46946166992187,63.17334869384766,62.45046112060547,55.05063995361328
9,68.21595703125,74.75357849121093,48.72331970214844,57.140020751953124,60.132206726074216,50.1855940246582,55.660273132324214,61.07514953613281,64.40393280029296,63.08624816894531,62.42036590576171,55.02535766601562
10,68.42431640625,74.7649154663086,48.72331970214844,57.16766143798828,60.15990509033203,50.17383728027344,55.753538818359374,61.17589416503906,64.48352233886719,63.081691589355465,62.43202331542969,54.979657287597654
11,68.68533599853515,74.8298291015625,48.72331970214844,57.25977996826172,60.21271270751953,50.17383728027344,55.71811798095703,61.15847534179687,64.45069061279297,63.143048400878904,62.45927947998047,54.979657287597654
12,68.81993133544921,74.9019204711914,0.0,57.44038330078125,60.30853546142578,50.25800582885742,55.63534973144531,61.14601684570312,64.40996978759766,63.22159973144531,62.53646575927734,54.979657287597654
13,69.12847137451172,75.28443603515625,0.0,57.52950256347656,60.41221527099609,50.290318450927735,55.74534851074218,61.32552429199219,64.6397982788086,63.210294799804686,62.51215118408203,54.89085205078125
14,69.21524505615234,75.29492065429687,0.0,57.518851318359374,60.41859191894531,50.26587249755859,55.76089599609375,61.305561218261715,64.64405364990235,63.19863098144531,62.489733581542964,54.904701232910156
15,69.4850894165039,75.34565826416015,0.0,57.55586151123047,60.46617645263672,50.24239105224609,55.83865264892578,61.46515045166015,64.78705718994141,63.32605499267578,62.69127410888672,54.975690307617185
16,69.83622802734375,75.91655090332031,0.0,57.513352661132814,60.41538116455078,50.24239105224609,55.91637084960937,61.52293762207031,64.82829711914063,63.33628326416015,62.65369354248047,54.89390899658203
17,70.09932403564453,75.81401824951172,0.0,57.564731140136715,60.3835107421875,0.0,55.86496673583984,61.46041442871093,64.82893157958983,63.393621826171874,62.721593627929686,54.91787750244141
18,70.64030731201171,76.06359832763671,0.0,57.67377502441406,60.56888854980468,0.0,55.79420196533203,61.39182861328125,64.74141448974609,63.35748962402344,62.648726806640624,0.0
19,70.5707666015625,77.58149047851562,0.0,57.65476684570312,60.574143676757814,0.0,55.82742462158203,61.468771362304686,64.86728118896484,63.33224578857422,62.619894104003905,0.0
20,70.73888580322266,0.0,0.0,57.71571990966797,60.59482452392578,0.0,55.93184783935547,61.604686889648434,0.0,63.300234374999995,62.59163177490234,0.0
21,70.73888580322266,0.0,0.0,57.74109191894531,0.0,0.0,55.98546295166015,61.70834106445312,0.0,63.19152374267578,0.0,0.0
22,70.73888580322266,0.0,0.0,57.687297363281246,0.0,0.0,55.94503692626953,61.68905731201172,0.0,0.0,0.0,0.0
23,70.75479858398437,0.0,0.0,57.55284942626953,0.0,0.0,55.86560119628906,61.573585510253906,0.0,0.0,0.0,0.0
24,70.97470642089843,0.0,0.0,57.38637084960937,0.0,0.0,55.843151550292966,61.603571777343745,0.0,0.0,0.0,0.0
25,71.20950805664062,0.0,0.0,57.40960235595703,0.0,0.0,55.788946838378905,61.57170135498047,0.0,0.0,0.0,0.0
26,71.65443145751952,0.0,0.0,57.42050354003906,0.0,0.0,55.83865264892578,61.599521484374996,0.0,0.0,0.0,0.0
27,72.18315490722657,0.0,0.0,57.42050354003906,0.0,0.0,55.85440521240234,0.0,0.0,0.0,0.0,0.0
28,72.49277160644532,0.0,0.0,57.40324493408203,0.0,0.0,55.955585632324215,0.0,0.0,0.0,0.0,0.0
29,0.0,0.0,0.0,57.31603546142578,0.0,0.0,55.940185546875,0.0,0.0,0.0,0.0,0.0
30,0.0,0.0,0.0,57.381320800781246,0.0,0.0,55.858506774902345,0.0,0.0,0.0,0.0,0.0
31,0.0,0.0,0.0,57.46816497802734,0.0,0.0,55.91121826171875,0.0,0.0,0.0,0.0,0.0
32,0.0,0.0,0.0,0.0,0.0,0.0,55.83578796386718,0.0,0.0,0.0,0.0,0.0
33,0.0,0.0,0.0,0.0,0.0,0.0,55.77780212402344,0.0,0.0,0.0,0.0,0.0
34,0.0,0.0,0.0,0.0,0.0,0.0,55.851591796875,0.0,0.0,0.0,0.0,0.0
35,0.0,0.0,0.0,0.0,0.0,0.0,55.85455261230469,0.0,0.0,0.0,0.0,0.0
36,0.0,0.0,0.0,0.0,0.0,0.0,55.912064208984376,0.0,0.0,0.0,0.0,0.0
37,0.0,0.0,0.0,0.0,0.0,0.0,55.8916845703125,0.0,0.0,0.0,0.0,0.0
38,0.0,0.0,0.0,0.0,0.0,0.0,55.92968170166015,0.0,0.0,0.0,0.0,0.0
39,0.0,0.0,0.0,0.0,0.0,0.0,55.89125518798828,0.0,0.0,0.0,0.0,0.0
40,0.0,0.0,0.0,0.0,0.0,0.0,55.89338928222656,0.0,0.0,0.0,0.0,0.0
41,0.0,0.0,0.0,0.0,0.0,0.0,55.88014892578125,0.0,0.0,0.0,0.0,0.0
42,0.0,0.0,0.0,0.0,0.0,0.0,55.958290100097656,0.0,0.0,0.0,0.0,0.0
43,0.0,0.0,0.0,0.0,0.0,0.0,0.0,0.0,0.0,0.0,0.0,0.0
44,0.0,0.0,0.0,0.0,0.0,0.0,0.0,0.0,0.0,0.0,0.0,0.0
45,0.0,0.0,0.0,0.0,0.0,0.0,0.0,0.0,0.0,0.0,0.0,0.0
46,0.0,0.0,0.0,0.0,0.0,0.0,0.0,0.0,0.0,0.0,0.0,0.0
47,0.0,0.0,0.0,0.0,0.0,0.0,0.0,0.0,0.0,0.0,0.0,0.0
48,0.0,0.0,0.0,0.0,0.0,0.0,0.0,0.0,0.0,0.0,0.0,0.0
49,0.0,0.0,0.0,0.0,0.0,0.0,0.0,0.0,0.0,0.0,0.0,0.0
50,0.0,0.0,0.0,0.0,0.0,0.0,0.0,0.0,0.0,0.0,0.0,0.0
51,0.0,0.0,0.0,0.0,0.0,0.0,0.0,0.0,0.0,0.0,0.0,0.0
52,0.0,0.0,0.0,0.0,0.0,0.0,0.0,0.0,0.0,0.0,0.0,0.0
53,0.0,0.0,0.0,0.0,0.0,0.0,0.0,0.0,0.0,0.0,0.0,0.0
54,0.0,0.0,0.0,0.0,0.0,0.0,0.0,0.0,0.0,0.0,0.0,0.0
55,0.0,0.0,0.0,0.0,0.0,0.0,0.0,0.0,0.0,0.0,0.0,0.0
56,0.0,0.0,0.0,0.0,0.0,0.0,0.0,0.0,0.0,0.0,0.0,0.0
57,0.0,0.0,0.0,0.0,0.0,0.0,0.0,0.0,0.0,0.0,0.0,0.0
58,0.0,0.0,0.0,0.0,0.0,0.0,0.0,0.0,0.0,0.0,0.0,0.0
59,0.0,0.0,0.0,0.0,0.0,0.0,0.0,0.0,0.0,0.0,0.0,0.0
60,0.0,0.0,0.0,0.0,0.0,0.0,0.0,0.0,0.0,0.0,0.0,0.0
61,0.0,0.0,0.0,0.0,0.0,0.0,0.0,0.0,0.0,0.0,0.0,0.0
62,0.0,0.0,0.0,0.0,0.0,0.0,0.0,0.0,0.0,0.0,0.0,0.0
63,0.0,0.0,0.0,0.0,0.0,0.0,0.0,0.0,0.0,0.0,0.0,0.0
64,0.0,0.0,0.0,0.0,0.0,0.0,0.0,0.0,0.0,0.0,0.0,0.0
65,0.0,0.0,0.0,0.0,0.0,0.0,0.0,0.0,0.0,0.0,0.0,0.0
66,0.0,0.0,0.0,0.0,0.0,0.0,0.0,0.0,0.0,0.0,0.0,0.0
67,0.0,0.0,0.0,0.0,0.0,0.0,0.0,0.0,0.0,0.0,0.0,0.0
68,0.0,0.0,0.0,0.0,0.0,0.0,0.0,0.0,0.0,0.0,0.0,0.0
69,0.0,0.0,0.0,0.0,0.0,0.0,0.0,0.0,0.0,0.0,0.0,0.0
70,0.0,0.0,0.0,0.0,0.0,0.0,0.0,0.0,0.0,0.0,0.0,0.0
71,0.0,0.0,0.0,0.0,0.0,0.0,0.0,0.0,0.0,0.0,0.0,0.0
72,0.0,0.0,0.0,0.0,0.0,0.0,0.0,0.0,0.0,0.0,0.0,0.0
73,0.0,0.0,0.0,0.0,0.0,0.0,0.0,0.0,0.0,0.0,0.0,0.0
74,0.0,0.0,0.0,0.0,0.0,0.0,0.0,0.0,0.0,0.0,0.0,0.0
