,0,1,2,3,4,5,6,7,8,9,10,11
0,57.96,62.37,62.58,64.89,76.44,75.17999999999999,45.989999999999995,55.23,47.46,54.18,49.98,48.089999999999996
1,57.86588836669922,62.30175384521484,62.56566375732422,64.8015216064453,76.44,75.39546020507812,45.886387481689454,55.02257629394531,47.46,54.155115051269526,49.79972351074218,47.81473709106445
2,57.39315124511719,61.88905334472656,62.556826171874995,64.72124633789062,76.44,75.4227227783203,45.9229458618164,54.98854614257812,47.46316909790039,54.28773010253906,50.05663513183593,48.05756561279297
3,57.31636871337891,61.79756286621094,62.556826171874995,64.49535919189452,76.63423461914063,75.58942565917968,45.830433197021485,54.984220275878904,47.35670471191406,54.28210968017578,49.94725799560547,47.93198410034179
4,57.50310516357422,61.91977020263672,62.62912902832031,64.49535919189452,76.56293151855469,75.10541564941406,45.788010864257814,54.99182098388672,47.35077667236328,54.19716888427734,49.84397872924804,47.82380538940429
5,57.857589111328124,62.13976135253906,62.6939273071289,64.49535919189452,76.83890258789062,75.21991333007813,45.517519226074214,54.96983917236328,47.27761825561523,54.01800109863281,49.6553645324707,47.64727798461914
6,57.746244506835936,62.049879455566405,62.69952209472656,64.51691802978516,76.83890258789062,75.3047900390625,45.47733993530273,54.908258056640626,47.37265914916992,53.97616516113281,49.651154022216794,47.66879516601562
7,57.76286865234375,62.10016204833984,62.76606353759765,64.59114349365234,76.83890258789062,75.48061889648437,45.32051605224609,54.6557876586914,47.23972045898437,53.9192431640625,49.60861633300781,47.66144119262695
8,57.76790588378906,62.10686553955078,62.79149963378906,64.56474609375,76.96896697998046,75.562470703125,44.90058334350586,54.39667785644531,46.74388641357422,53.86094329833984,49.52458877563476,47.618124847412105
9,57.381500244140625,62.05212890625,62.809014587402345,64.56474609375,76.96896697998046,75.69489349365234,44.65696014404297,54.23365356445312,46.68637481689453,53.88803283691406,49.612403869628906,47.73060699462891
10,56.51018737792968,62.05212890625,0.0,64.5929443359375,77.20977996826171,0.0,44.62957901000976,0.0,0.0,53.96239288330078,49.729670104980464,47.83112411499023
11,55.59437896728515,61.990656738281245,0.0,64.53126068115235,0.0,0.0,0.0,0.0,0.0,53.85109954833984,49.56618759155273,47.68883834838867
12,55.024120788574216,61.900659484863276,0.0,64.4434487915039,0.0,0.0,0.0,0.0,0.0,53.8569058227539,0.0,0.0
13,54.92203033447265,0.0,0.0,64.45881683349609,0.0,0.0,0.0,0.0,0.0,53.74772735595703,0.0,0.0
14,54.64821899414062,0.0,0.0,64.27017059326171,0.0,0.0,0.0,0.0,0.0,53.80584777832031,0.0,0.0
15,54.2342431640625,0.0,0.0,64.35229797363282,0.0,0.0,0.0,0.0,0.0,53.90574005126953,0.0,0.0
16,53.9907192993164,0.0,0.0,64.34459472656249,0.0,0.0,0.0,0.0,0.0,53.915872192382814,0.0,0.0
17,53.89514007568359,0.0,0.0,64.37294677734374,0.0,0.0,0.0,0.0,0.0,53.969455261230465,0.0,0.0
18,0.0,0.0,0.0,63.85883514404296,0.0,0.0,0.0,0.0,0.0,53.959464111328124,0.0,0.0
19,0.0,0.0,0.0,63.737435302734376,0.0,0.0,0.0,0.0,0.0,54.03284362792969,0.0,0.0
20,0.0,0.0,0.0,63.781065673828124,0.0,0.0,0.0,0.0,0.0,54.05322326660156,0.0,0.0
21,0.0,0.0,0.0,63.467193603515625,0.0,0.0,0.0,0.0,0.0,54.03414459228515,0.0,0.0
22,0.0,0.0,0.0,63.38869995117187,0.0,0.0,0.0,0.0,0.0,54.10570404052734,0.0,0.0
23,0.0,0.0,0.0,0.0,0.0,0.0,0.0,0.0,0.0,54.102672729492184,0.0,0.0
24,0.0,0.0,0.0,0.0,0.0,0.0,0.0,0.0,0.0,0.0,0.0,0.0
25,0.0,0.0,0.0,0.0,0.0,0.0,0.0,0.0,0.0,0.0,0.0,0.0
26,0.0,0.0,0.0,0.0,0.0,0.0,0.0,0.0,0.0,0.0,0.0,0.0
27,0.0,0.0,0.0,0.0,0.0,0.0,0.0,0.0,0.0,0.0,0.0,0.0
28,0.0,0.0,0.0,0.0,0.0,0.0,0.0,0.0,0.0,0.0,0.0,0.0
29,0.0,0.0,0.0,0.0,0.0,0.0,0.0,0.0,0.0,0.0,0.0,0.0
30,0.0,0.0,0.0,0.0,0.0,0.0,0.0,0.0,0.0,0.0,0.0,0.0
31,0.0,0.0,0.0,0.0,0.0,0.0,0.0,0.0,0.0,0.0,0.0,0.0
32,0.0,0.0,0.0,0.0,0.0,0.0,0.0,0.0,0.0,0.0,0.0,0.0
33,0.0,0.0,0.0,0.0,0.0,0.0,0.0,0.0,0.0,0.0,0.0,0.0
34,0.0,0.0,0.0,0.0,0.0,0.0,0.0,0.0,0.0,0.0,0.0,0.0
35,0.0,0.0,0.0,0.0,0.0,0.0,0.0,0.0,0.0,0.0,0.0,0.0
36,0.0,0.0,0.0,0.0,0.0,0.0,0.0,0.0,0.0,0.0,0.0,0.0
37,0.0,0.0,0.0,0.0,0.0,0.0,0.0,0.0,0.0,0.0,0.0,0.0
38,0.0,0.0,0.0,0.0,0.0,0.0,0.0,0.0,0.0,0.0,0.0,0.0
39,0.0,0.0,0.0,0.0,0.0,0.0,0.0,0.0,0.0,0.0,0.0,0.0
40,0.0,0.0,0.0,0.0,0.0,0.0,0.0,0.0,0.0,0.0,0.0,0.0
41,0.0,0.0,0.0,0.0,0.0,0.0,0.0,0.0,0.0,0.0,0.0,0.0
42,0.0,0.0,0.0,0.0,0.0,0.0,0.0,0.0,0.0,0.0,0.0,0.0
43,0.0,0.0,0.0,0.0,0.0,0.0,0.0,0.0,0.0,0.0,0.0,0.0
44,0.0,0.0,0.0,0.0,0.0,0.0,0.0,0.0,0.0,0.0,0.0,0.0
45,0.0,0.0,0.0,0.0,0.0,0.0,0.0,0.0,0.0,0.0,0.0,0.0
46,0.0,0.0,0.0,0.0,0.0,0.0,0.0,0.0,0.0,0.0,0.0,0.0
47,0.0,0.0,0.0,0.0,0.0,0.0,0.0,0.0,0.0,0.0,0.0,0.0
48,0.0,0.0,0.0,0.0,0.0,0.0,0.0,0.0,0.0,0.0,0.0,0.0
49,0.0,0.0,0.0,0.0,0.0,0.0,0.0,0.0,0.0,0.0,0.0,0.0
50,0.0,0.0,0.0,0.0,0.0,0.0,0.0,0.0,0.0,0.0,0.0,0.0
51,0.0,0.0,0.0,0.0,0.0,0.0,0.0,0.0,0.0,0.0,0.0,0.0
52,0.0,0.0,0.0,0.0,0.0,0.0,0.0,0.0,0.0,0.0,0.0,0.0
53,0.0,0.0,0.0,0.0,0.0,0.0,0.0,0.0,0.0,0.0,0.0,0.0
54,0.0,0.0,0.0,0.0,0.0,0.0,0.0,0.0,0.0,0.0,0.0,0.0
55,0.0,0.0,0.0,0.0,0.0,0.0,0.0,0.0,0.0,0.0,0.0,0.0
56,0.0,0.0,0.0,0.0,0.0,0.0,0.0,0.0,0.0,0.0,0.0,0.0
57,0.0,0.0,0.0,0.0,0.0,0.0,0.0,0.0,0.0,0.0,0.0,0.0
58,0.0,0.0,0.0,0.0,0.0,0.0,0.0,0.0,0.0,0.0,0.0,0.0
59,0.0,0.0,0.0,0.0,0.0,0.0,0.0,0.0,0.0,0.0,0.0,0.0
60,0.0,0.0,0.0,0.0,0.0,0.0,0.0,0.0,0.0,0.0,0.0,0.0
61,0.0,0.0,0.0,0.0,0.0,0.0,0.0,0.0,0.0,0.0,0.0,0.0
62,0.0,0.0,0.0,0.0,0.0,0.0,0.0,0.0,0.0,0.0,0.0,0.0
63,0.0,0.0,0.0,0.0,0.0,0.0,0.0,0.0,0.0,0.0,0.0,0.0
64,0.0,0.0,0.0,0.0,0.0,0.0,0.0,0.0,0.0,0.0,0.0,0.0
65,0.0,0.0,0.0,0.0,0.0,0.0,0.0,0.0,0.0,0.0,0.0,0.0
66,0.0,0.0,0.0,0.0,0.0,0.0,0.0,0.0,0.0,0.0,0.0,0.0
67,0.0,0.0,0.0,0.0,0.0,0.0,0.0,0.0,0.0,0.0,0.0,0.0
68,0.0,0.0,0.0,0.0,0.0,0.0,0.0,0.0,0.0,0.0,0.0,0.0
69,0.0,0.0,0.0,0.0,0.0,0.0,0.0,0.0,0.0,0.0,0.0,0.0
70,0.0,0.0,0.0,0.0,0.0,0.0,0.0,0.0,0.0,0.0,0.0,0.0
71,0.0,0.0,0.0,0.0,0.0,0.0,0.0,0.0,0.0,0.0,0.0,0.0
72,0.0,0.0,0.0,0.0,0.0,0.0,0.0,0.0,0.0,0.0,0.0,0.0
73,0.0,0.0,0.0,0.0,0.0,0.0,0.0,0.0,0.0,0.0,0.0,0.0
74,0.0,0.0,0.0,0.0,0.0,0.0,0.0,0.0,0.0,0.0,0.0,0.0
